An exercise of 2.6
  12 1 1 1
  1  1 1 1 0 0 0
  2  0 0 1 3 0 0
  3  0 0 1 6 0 0
  4  0 0 1 9 0 0
  5  0 0 1 12 0 0
  6  1 1 1 15 0 0
  7  0 0 1 0 4 0
  8  0 0 1 3 4 0
  9  0 0 1 6 4 0
  10 0 0 1 9 4 0
  11 0 0 1 12 4 0
  12 0 0 1 15 4 0
  1  1 
  3  2 -7000
  1  22 1
  1  1.5E11 1E-2
  1  1  7  1
  2  1  2  1
  3  2  7  1
  4  7  8  1
  5  2  8  1
  6  2  3  1
  7  3  8  1
  8  8  9  1
  9  3  9  1
  10 3  4  1
  11 4  9  1
  12 3  10 1
  13 9  10 1
  14 4  10 1
  15 4  5  1
  16 5  11 1
  17 4  11 1
  18 10 11 1
  19 5  12 1
  20 11 12 1
  21 5  6  1
  22 6  12 1
stop

