Generated by: Abaqus/CAE 2021  eletype:C3D20
111   1   1   1
1   0   0   0   -10.0000   -10.0000   40.0000
2   0   0   0   -10.0000   0.0000   40.0000
3   0   0   0   -10.0000   10.0000   40.0000
4   0   0   0   -10.0000   -10.0000   26.6667
5   0   0   0   -10.0000   0.0000   26.6667
6   0   0   0   -10.0000   10.0000   26.6667
7   0   0   0   -10.0000   -10.0000   13.3333
8   0   0   0   -10.0000   0.0000   13.3333
9   0   0   0   -10.0000   10.0000   13.3333
10   1   1   1   -10.0000   -10.0000   0.0000
11   1   1   1   -10.0000   0.0000   0.0000
12   1   1   1   -10.0000   10.0000   0.0000
13   0   0   0   0.0000   -10.0000   40.0000
14   0   0   0   0.0000   0.0000   40.0000
15   0   0   0   0.0000   10.0000   40.0000
16   0   0   0   0.0000   -10.0000   26.6667
17   0   0   0   0.0000   0.0000   26.6667
18   0   0   0   0.0000   10.0000   26.6667
19   0   0   0   0.0000   -10.0000   13.3333
20   0   0   0   0.0000   0.0000   13.3333
21   0   0   0   0.0000   10.0000   13.3333
22   1   1   1   0.0000   -10.0000   0.0000
23   1   1   1   0.0000   0.0000   0.0000
24   1   1   1   0.0000   10.0000   0.0000
25   0   0   0   10.0000   -10.0000   40.0000
26   0   0   0   10.0000   0.0000   40.0000
27   0   0   0   10.0000   10.0000   40.0000
28   0   0   0   10.0000   -10.0000   26.6667
29   0   0   0   10.0000   0.0000   26.6667
30   0   0   0   10.0000   10.0000   26.6667
31   0   0   0   10.0000   -10.0000   13.3333
32   0   0   0   10.0000   0.0000   13.3333
33   0   0   0   10.0000   10.0000   13.3333
34   1   1   1   10.0000   -10.0000   0.0000
35   1   1   1   10.0000   0.0000   0.0000
36   1   1   1   10.0000   10.0000   0.0000
37   0   0   0   0.0000   -10.0000   33.3333
38   0   0   0   0.0000   -5.0000   26.6667
39   0   0   0   0.0000   0.0000   33.3333
40   0   0   0   0.0000   -5.0000   40.0000
41   0   0   0   -10.0000   -5.0000   40.0000
42   0   0   0   -10.0000   0.0000   33.3333
43   0   0   0   -10.0000   -5.0000   26.6667
44   0   0   0   -10.0000   -10.0000   33.3333
45   0   0   0   -5.0000   0.0000   40.0000
46   0   0   0   -5.0000   -10.0000   40.0000
47   0   0   0   -5.0000   0.0000   26.6667
48   0   0   0   -5.0000   -10.0000   26.6667
49   0   0   0   0.0000   5.0000   26.6667
50   0   0   0   0.0000   10.0000   33.3333
51   0   0   0   0.0000   5.0000   40.0000
52   0   0   0   -10.0000   5.0000   40.0000
53   0   0   0   -10.0000   10.0000   33.3333
54   0   0   0   -10.0000   5.0000   26.6667
55   0   0   0   -5.0000   10.0000   40.0000
56   0   0   0   -5.0000   10.0000   26.6667
57   0   0   0   0.0000   -10.0000   20.0000
58   0   0   0   0.0000   -5.0000   13.3333
59   0   0   0   0.0000   0.0000   20.0000
60   0   0   0   -10.0000   0.0000   20.0000
61   0   0   0   -10.0000   -5.0000   13.3333
62   0   0   0   -10.0000   -10.0000   20.0000
63   0   0   0   -5.0000   0.0000   13.3333
64   0   0   0   -5.0000   -10.0000   13.3333
65   0   0   0   0.0000   5.0000   13.3333
66   0   0   0   0.0000   10.0000   20.0000
67   0   0   0   -10.0000   10.0000   20.0000
68   0   0   0   -10.0000   5.0000   13.3333
69   0   0   0   -5.0000   10.0000   13.3333
70   0   0   0   0.0000   -10.0000   6.6667
71   1   1   1   0.0000   -5.0000   0.0000
72   0   0   0   0.0000   0.0000   6.6667
73   0   0   0   -10.0000   0.0000   6.6667
74   1   1   1   -10.0000   -5.0000   0.0000
75   0   0   0   -10.0000   -10.0000   6.6667
76   1   1   1   -5.0000   0.0000   0.0000
77   1   1   1   -5.0000   -10.0000   0.0000
78   1   1   1   0.0000   5.0000   0.0000
79   0   0   0   0.0000   10.0000   6.6667
80   0   0   0   -10.0000   10.0000   6.6667
81   1   1   1   -10.0000   5.0000   0.0000
82   1   1   1   -5.0000   10.0000   0.0000
83   0   0   0   10.0000   -10.0000   33.3333
84   0   0   0   10.0000   -5.0000   26.6667
85   0   0   0   10.0000   0.0000   33.3333
86   0   0   0   10.0000   -5.0000   40.0000
87   0   0   0   5.0000   0.0000   40.0000
88   0   0   0   5.0000   -10.0000   40.0000
89   0   0   0   5.0000   0.0000   26.6667
90   0   0   0   5.0000   -10.0000   26.6667
91   0   0   0   10.0000   5.0000   26.6667
92   0   0   0   10.0000   10.0000   33.3333
93   0   0   0   10.0000   5.0000   40.0000
94   0   0   0   5.0000   10.0000   40.0000
95   0   0   0   5.0000   10.0000   26.6667
96   0   0   0   10.0000   -10.0000   20.0000
97   0   0   0   10.0000   -5.0000   13.3333
98   0   0   0   10.0000   0.0000   20.0000
99   0   0   0   5.0000   0.0000   13.3333
100   0   0   0   5.0000   -10.0000   13.3333
101   0   0   0   10.0000   5.0000   13.3333
102   0   0   0   10.0000   10.0000   20.0000
103   0   0   0   5.0000   10.0000   13.3333
104   0   0   0   10.0000   -10.0000   6.6667
105   1   1   1   10.0000   -5.0000   0.0000
106   0   0   0   10.0000   0.0000   6.6667
107   1   1   1   5.0000   0.0000   0.0000
108   1   1   1   5.0000   -10.0000   0.0000
109   1   1   1   10.0000   5.0000   0.0000
110   0   0   0   10.0000   10.0000   6.6667
111   1   1   1   5.0000   10.0000   0.0000
1   4
27   3   50.0000
3   3   50.0000
1   3   -50.0000
25   3   -50.0000
8   12   1
1   200000.0000   0.3000   55
1   13   14   17   16   1   2   5   4   40   39   38   37   41   42   43   44   46   45   47   48   1
2   14   15   18   17   2   3   6   5   51   50   49   39   52   53   54   42   45   55   56   47   1
3   16   17   20   19   4   5   8   7   38   59   58   57   43   60   61   62   48   47   63   64   1
4   17   18   21   20   5   6   9   8   49   66   65   59   54   67   68   60   47   56   69   63   1
5   19   20   23   22   7   8   11   10   58   72   71   70   61   73   74   75   64   63   76   77   1
6   20   21   24   23   8   9   12   11   65   79   78   72   68   80   81   73   63   69   82   76   1
7   25   26   29   28   13   14   17   16   86   85   84   83   40   39   38   37   88   87   89   90   1
8   26   27   30   29   14   15   18   17   93   92   91   85   51   50   49   39   87   94   95   89   1
9   28   29   32   31   16   17   20   19   84   98   97   96   38   59   58   57   90   89   99   100   1
10   29   30   33   32   17   18   21   20   91   102   101   98   49   66   65   59   89   95   103   99   1
11   31   32   35   34   19   20   23   22   97   106   105   104   58   72   71   70   100   99   107   108   1
12   32   33   36   35   20   21   24   23   101   110   109   106   65   79   78   72   99   103   111   107   1
