*Part, name=Part-Pier
*Node
      1,           0.,      -133.75,           0.
      2,           0.,      -133.75,          10.
      3,         -20.,      -133.75,          10.
      4,         -20.,      -133.75,           0.
      5,           0.,        66.25,          10.
      6,         -10.,        66.25,          10.
      7,         -10.,        66.25,           0.
      8,           0.,        66.25,           0.
      9,          20.,      -133.75,           0.
     10,          20.,      -133.75,          10.
     11,          10.,        66.25,           0.
     12,          10.,        66.25,          10.
     13,           0.,      -133.75,           5.
     14,  -6.66666651,      -133.75,          10.
     15,   -13.333333,      -133.75,          10.
     16,         -20.,      -133.75,           5.
     17,   -13.333333,      -133.75,           0.
     18,  -6.66666651,      -133.75,           0.
     19,           0.,        66.25,           5.
     20,  -6.66666651,        66.25,          10.
     21,  -3.33333325,        66.25,          10.
     22,         -10.,        66.25,           5.
     23,  -3.33333325,        66.25,           0.
     24,  -6.66666651,        66.25,           0.
     25,       -19.75,      -128.75,           0.
     26,        -19.5,      -123.75,           0.
     27,       -19.25,      -118.75,           0.
     28,         -19.,      -113.75,           0.
     29,       -18.75,      -108.75,           0.
     30,        -18.5,      -103.75,           0.
     31,       -18.25,       -98.75,           0.
     32,         -18.,       -93.75,           0.
     33,       -17.75,       -88.75,           0.
     34,        -17.5,       -83.75,           0.
     35,       -17.25,       -78.75,           0.
     36,         -17.,       -73.75,           0.
     37,       -16.75,       -68.75,           0.
     38,        -16.5,       -63.75,           0.
     39,       -16.25,       -58.75,           0.
     40,         -16.,       -53.75,           0.
     41,       -15.75,       -48.75,           0.
     42,        -15.5,       -43.75,           0.
     43,       -15.25,       -38.75,           0.
     44,         -15.,       -33.75,           0.
     45,       -14.75,       -28.75,           0.
     46,        -14.5,       -23.75,           0.
     47,       -14.25,       -18.75,           0.
     48,         -14.,       -13.75,           0.
     49,       -13.75,        -8.75,           0.
     50,        -13.5,        -3.75,           0.
     51,       -13.25,         1.25,           0.
     52,         -13.,         6.25,           0.
     53,       -12.75,        11.25,           0.
     54,        -12.5,        16.25,           0.
     55,       -12.25,        21.25,           0.
     56,         -12.,        26.25,           0.
     57,       -11.75,        31.25,           0.
     58,        -11.5,        36.25,           0.
     59,       -11.25,        41.25,           0.
     60,         -11.,        46.25,           0.
     61,       -10.75,        51.25,           0.
     62,        -10.5,        56.25,           0.
     63,       -10.25,        61.25,           0.
     64,           0.,        61.25,           0.
     65,           0.,        56.25,           0.
     66,           0.,        51.25,           0.
     67,           0.,        46.25,           0.
     68,           0.,        41.25,           0.
     69,           0.,        36.25,           0.
     70,           0.,        31.25,           0.
     71,           0.,        26.25,           0.
     72,           0.,        21.25,           0.
     73,           0.,        16.25,           0.
     74,           0.,        11.25,           0.
     75,           0.,         6.25,           0.
     76,           0.,         1.25,           0.
     77,           0.,        -3.75,           0.
     78,           0.,        -8.75,           0.
     79,           0.,       -13.75,           0.
     80,           0.,       -18.75,           0.
     81,           0.,       -23.75,           0.
     82,           0.,       -28.75,           0.
     83,           0.,       -33.75,           0.
     84,           0.,       -38.75,           0.
     85,           0.,       -43.75,           0.
     86,           0.,       -48.75,           0.
     87,           0.,       -53.75,           0.
     88,           0.,       -58.75,           0.
     89,           0.,       -63.75,           0.
     90,           0.,       -68.75,           0.
     91,           0.,       -73.75,           0.
     92,           0.,       -78.75,           0.
     93,           0.,       -83.75,           0.
     94,           0.,       -88.75,           0.
     95,           0.,       -93.75,           0.
     96,           0.,       -98.75,           0.
     97,           0.,      -103.75,           0.
     98,           0.,      -108.75,           0.
     99,           0.,      -113.75,           0.
    100,           0.,      -118.75,           0.
    101,           0.,      -123.75,           0.
    102,           0.,      -128.75,           0.
    103,       -10.25,        61.25,          10.
    104,        -10.5,        56.25,          10.
    105,       -10.75,        51.25,          10.
    106,         -11.,        46.25,          10.
    107,       -11.25,        41.25,          10.
    108,        -11.5,        36.25,          10.
    109,       -11.75,        31.25,          10.
    110,         -12.,        26.25,          10.
    111,       -12.25,        21.25,          10.
    112,        -12.5,        16.25,          10.
    113,       -12.75,        11.25,          10.
    114,         -13.,         6.25,          10.
    115,       -13.25,         1.25,          10.
    116,        -13.5,        -3.75,          10.
    117,       -13.75,        -8.75,          10.
    118,         -14.,       -13.75,          10.
    119,       -14.25,       -18.75,          10.
    120,        -14.5,       -23.75,          10.
    121,       -14.75,       -28.75,          10.
    122,         -15.,       -33.75,          10.
    123,       -15.25,       -38.75,          10.
    124,        -15.5,       -43.75,          10.
    125,       -15.75,       -48.75,          10.
    126,         -16.,       -53.75,          10.
    127,       -16.25,       -58.75,          10.
    128,        -16.5,       -63.75,          10.
    129,       -16.75,       -68.75,          10.
    130,         -17.,       -73.75,          10.
    131,       -17.25,       -78.75,          10.
    132,        -17.5,       -83.75,          10.
    133,       -17.75,       -88.75,          10.
    134,         -18.,       -93.75,          10.
    135,       -18.25,       -98.75,          10.
    136,        -18.5,      -103.75,          10.
    137,       -18.75,      -108.75,          10.
    138,         -19.,      -113.75,          10.
    139,       -19.25,      -118.75,          10.
    140,        -19.5,      -123.75,          10.
    141,       -19.75,      -128.75,          10.
    142,           0.,      -128.75,          10.
    143,           0.,      -123.75,          10.
    144,           0.,      -118.75,          10.
    145,           0.,      -113.75,          10.
    146,           0.,      -108.75,          10.
    147,           0.,      -103.75,          10.
    148,           0.,       -98.75,          10.
    149,           0.,       -93.75,          10.
    150,           0.,       -88.75,          10.
    151,           0.,       -83.75,          10.
    152,           0.,       -78.75,          10.
    153,           0.,       -73.75,          10.
    154,           0.,       -68.75,          10.
    155,           0.,       -63.75,          10.
    156,           0.,       -58.75,          10.
    157,           0.,       -53.75,          10.
    158,           0.,       -48.75,          10.
    159,           0.,       -43.75,          10.
    160,           0.,       -38.75,          10.
    161,           0.,       -33.75,          10.
    162,           0.,       -28.75,          10.
    163,           0.,       -23.75,          10.
    164,           0.,       -18.75,          10.
    165,           0.,       -13.75,          10.
    166,           0.,        -8.75,          10.
    167,           0.,        -3.75,          10.
    168,           0.,         1.25,          10.
    169,           0.,         6.25,          10.
    170,           0.,        11.25,          10.
    171,           0.,        16.25,          10.
    172,           0.,        21.25,          10.
    173,           0.,        26.25,          10.
    174,           0.,        31.25,          10.
    175,           0.,        36.25,          10.
    176,           0.,        41.25,          10.
    177,           0.,        46.25,          10.
    178,           0.,        51.25,          10.
    179,           0.,        56.25,          10.
    180,           0.,        61.25,          10.
    181,   6.66666651,      -133.75,           0.
    182,    13.333333,      -133.75,           0.
    183,          20.,      -133.75,           5.
    184,    13.333333,      -133.75,          10.
    185,   6.66666651,      -133.75,          10.
    186,   6.66666651,        66.25,           0.
    187,   3.33333325,        66.25,           0.
    188,          10.,        66.25,           5.
    189,   3.33333325,        66.25,          10.
    190,   6.66666651,        66.25,          10.
    191,        19.75,      -128.75,          10.
    192,         19.5,      -123.75,          10.
    193,        19.25,      -118.75,          10.
    194,          19.,      -113.75,          10.
    195,        18.75,      -108.75,          10.
    196,         18.5,      -103.75,          10.
    197,        18.25,       -98.75,          10.
    198,          18.,       -93.75,          10.
    199,        17.75,       -88.75,          10.
    200,         17.5,       -83.75,          10.
    201,        17.25,       -78.75,          10.
    202,          17.,       -73.75,          10.
    203,        16.75,       -68.75,          10.
    204,         16.5,       -63.75,          10.
    205,        16.25,       -58.75,          10.
    206,          16.,       -53.75,          10.
    207,        15.75,       -48.75,          10.
    208,         15.5,       -43.75,          10.
    209,        15.25,       -38.75,          10.
    210,          15.,       -33.75,          10.
    211,        14.75,       -28.75,          10.
    212,         14.5,       -23.75,          10.
    213,        14.25,       -18.75,          10.
    214,          14.,       -13.75,          10.
    215,        13.75,        -8.75,          10.
    216,         13.5,        -3.75,          10.
    217,        13.25,         1.25,          10.
    218,          13.,         6.25,          10.
    219,        12.75,        11.25,          10.
    220,         12.5,        16.25,          10.
    221,        12.25,        21.25,          10.
    222,          12.,        26.25,          10.
    223,        11.75,        31.25,          10.
    224,         11.5,        36.25,          10.
    225,        11.25,        41.25,          10.
    226,          11.,        46.25,          10.
    227,        10.75,        51.25,          10.
    228,         10.5,        56.25,          10.
    229,        10.25,        61.25,          10.
    230,        10.25,        61.25,           0.
    231,         10.5,        56.25,           0.
    232,        10.75,        51.25,           0.
    233,          11.,        46.25,           0.
    234,        11.25,        41.25,           0.
    235,         11.5,        36.25,           0.
    236,        11.75,        31.25,           0.
    237,          12.,        26.25,           0.
    238,        12.25,        21.25,           0.
    239,         12.5,        16.25,           0.
    240,        12.75,        11.25,           0.
    241,          13.,         6.25,           0.
    242,        13.25,         1.25,           0.
    243,         13.5,        -3.75,           0.
    244,        13.75,        -8.75,           0.
    245,          14.,       -13.75,           0.
    246,        14.25,       -18.75,           0.
    247,         14.5,       -23.75,           0.
    248,        14.75,       -28.75,           0.
    249,          15.,       -33.75,           0.
    250,        15.25,       -38.75,           0.
    251,         15.5,       -43.75,           0.
    252,        15.75,       -48.75,           0.
    253,          16.,       -53.75,           0.
    254,        16.25,       -58.75,           0.
    255,         16.5,       -63.75,           0.
    256,        16.75,       -68.75,           0.
    257,          17.,       -73.75,           0.
    258,        17.25,       -78.75,           0.
    259,         17.5,       -83.75,           0.
    260,        17.75,       -88.75,           0.
    261,          18.,       -93.75,           0.
    262,        18.25,       -98.75,           0.
    263,         18.5,      -103.75,           0.
    264,        18.75,      -108.75,           0.
    265,          19.,      -113.75,           0.
    266,        19.25,      -118.75,           0.
    267,         19.5,      -123.75,           0.
    268,        19.75,      -128.75,           0.
    269,  -6.66666651,      -133.75,           5.
    270,   -13.333333,      -133.75,           5.
    271,  -3.33333325,        66.25,           5.
    272,  -6.66666651,        66.25,           5.
    273,  -6.58333349,      -128.75,           0.
    274,   -13.166667,      -128.75,           0.
    275,         -6.5,      -123.75,           0.
    276,         -13.,      -123.75,           0.
    277,  -6.41666651,      -118.75,           0.
    278,   -12.833333,      -118.75,           0.
    279,  -6.33333349,      -113.75,           0.
    280,   -12.666667,      -113.75,           0.
    281,        -6.25,      -108.75,           0.
    282,        -12.5,      -108.75,           0.
    283,  -6.16666651,      -103.75,           0.
    284,   -12.333333,      -103.75,           0.
    285,  -6.08333349,       -98.75,           0.
    286,   -12.166667,       -98.75,           0.
    287,          -6.,       -93.75,           0.
    288,         -12.,       -93.75,           0.
    289,  -5.91666651,       -88.75,           0.
    290,   -11.833333,       -88.75,           0.
    291,  -5.83333349,       -83.75,           0.
    292,   -11.666667,       -83.75,           0.
    293,        -5.75,       -78.75,           0.
    294,        -11.5,       -78.75,           0.
    295,  -5.66666651,       -73.75,           0.
    296,   -11.333333,       -73.75,           0.
    297,  -5.58333349,       -68.75,           0.
    298,   -11.166667,       -68.75,           0.
    299,         -5.5,       -63.75,           0.
    300,         -11.,       -63.75,           0.
    301,  -5.41666651,       -58.75,           0.
    302,   -10.833333,       -58.75,           0.
    303,  -5.33333349,       -53.75,           0.
    304,   -10.666667,       -53.75,           0.
    305,        -5.25,       -48.75,           0.
    306,        -10.5,       -48.75,           0.
    307,  -5.16666651,       -43.75,           0.
    308,   -10.333333,       -43.75,           0.
    309,  -5.08333349,       -38.75,           0.
    310,   -10.166667,       -38.75,           0.
    311,          -5.,       -33.75,           0.
    312,         -10.,       -33.75,           0.
    313,  -4.91666651,       -28.75,           0.
    314,  -9.83333302,       -28.75,           0.
    315,  -4.83333349,       -23.75,           0.
    316,  -9.66666698,       -23.75,           0.
    317,        -4.75,       -18.75,           0.
    318,         -9.5,       -18.75,           0.
    319,  -4.66666651,       -13.75,           0.
    320,  -9.33333302,       -13.75,           0.
    321,  -4.58333349,        -8.75,           0.
    322,  -9.16666698,        -8.75,           0.
    323,         -4.5,        -3.75,           0.
    324,          -9.,        -3.75,           0.
    325,  -4.41666651,         1.25,           0.
    326,  -8.83333302,         1.25,           0.
    327,  -4.33333349,         6.25,           0.
    328,  -8.66666698,         6.25,           0.
    329,        -4.25,        11.25,           0.
    330,         -8.5,        11.25,           0.
    331,  -4.16666651,        16.25,           0.
    332,  -8.33333302,        16.25,           0.
    333,  -4.08333349,        21.25,           0.
    334,  -8.16666698,        21.25,           0.
    335,          -4.,        26.25,           0.
    336,          -8.,        26.25,           0.
    337,  -3.91666675,        31.25,           0.
    338,  -7.83333349,        31.25,           0.
    339,  -3.83333325,        36.25,           0.
    340,  -7.66666651,        36.25,           0.
    341,        -3.75,        41.25,           0.
    342,         -7.5,        41.25,           0.
    343,  -3.66666675,        46.25,           0.
    344,  -7.33333349,        46.25,           0.
    345,  -3.58333325,        51.25,           0.
    346,  -7.16666651,        51.25,           0.
    347,         -3.5,        56.25,           0.
    348,          -7.,        56.25,           0.
    349,  -3.41666675,        61.25,           0.
    350,  -6.83333349,        61.25,           0.
    351,  -6.58333349,      -128.75,          10.
    352,   -13.166667,      -128.75,          10.
    353,         -6.5,      -123.75,          10.
    354,         -13.,      -123.75,          10.
    355,  -6.41666651,      -118.75,          10.
    356,   -12.833333,      -118.75,          10.
    357,  -6.33333349,      -113.75,          10.
    358,   -12.666667,      -113.75,          10.
    359,        -6.25,      -108.75,          10.
    360,        -12.5,      -108.75,          10.
    361,  -6.16666651,      -103.75,          10.
    362,   -12.333333,      -103.75,          10.
    363,  -6.08333349,       -98.75,          10.
    364,   -12.166667,       -98.75,          10.
    365,          -6.,       -93.75,          10.
    366,         -12.,       -93.75,          10.
    367,  -5.91666651,       -88.75,          10.
    368,   -11.833333,       -88.75,          10.
    369,  -5.83333349,       -83.75,          10.
    370,   -11.666667,       -83.75,          10.
    371,        -5.75,       -78.75,          10.
    372,        -11.5,       -78.75,          10.
    373,  -5.66666651,       -73.75,          10.
    374,   -11.333333,       -73.75,          10.
    375,  -5.58333349,       -68.75,          10.
    376,   -11.166667,       -68.75,          10.
    377,         -5.5,       -63.75,          10.
    378,         -11.,       -63.75,          10.
    379,  -5.41666651,       -58.75,          10.
    380,   -10.833333,       -58.75,          10.
    381,  -5.33333349,       -53.75,          10.
    382,   -10.666667,       -53.75,          10.
    383,        -5.25,       -48.75,          10.
    384,        -10.5,       -48.75,          10.
    385,  -5.16666651,       -43.75,          10.
    386,   -10.333333,       -43.75,          10.
    387,  -5.08333349,       -38.75,          10.
    388,   -10.166667,       -38.75,          10.
    389,          -5.,       -33.75,          10.
    390,         -10.,       -33.75,          10.
    391,  -4.91666651,       -28.75,          10.
    392,  -9.83333302,       -28.75,          10.
    393,  -4.83333349,       -23.75,          10.
    394,  -9.66666698,       -23.75,          10.
    395,        -4.75,       -18.75,          10.
    396,         -9.5,       -18.75,          10.
    397,  -4.66666651,       -13.75,          10.
    398,  -9.33333302,       -13.75,          10.
    399,  -4.58333349,        -8.75,          10.
    400,  -9.16666698,        -8.75,          10.
    401,         -4.5,        -3.75,          10.
    402,          -9.,        -3.75,          10.
    403,  -4.41666651,         1.25,          10.
    404,  -8.83333302,         1.25,          10.
    405,  -4.33333349,         6.25,          10.
    406,  -8.66666698,         6.25,          10.
    407,        -4.25,        11.25,          10.
    408,         -8.5,        11.25,          10.
    409,  -4.16666651,        16.25,          10.
    410,  -8.33333302,        16.25,          10.
    411,  -4.08333349,        21.25,          10.
    412,  -8.16666698,        21.25,          10.
    413,          -4.,        26.25,          10.
    414,          -8.,        26.25,          10.
    415,  -3.91666675,        31.25,          10.
    416,  -7.83333349,        31.25,          10.
    417,  -3.83333325,        36.25,          10.
    418,  -7.66666651,        36.25,          10.
    419,        -3.75,        41.25,          10.
    420,         -7.5,        41.25,          10.
    421,  -3.66666675,        46.25,          10.
    422,  -7.33333349,        46.25,          10.
    423,  -3.58333325,        51.25,          10.
    424,  -7.16666651,        51.25,          10.
    425,         -3.5,        56.25,          10.
    426,          -7.,        56.25,          10.
    427,  -3.41666675,        61.25,          10.
    428,  -6.83333349,        61.25,          10.
    429,           0.,      -128.75,           5.
    430,           0.,      -123.75,           5.
    431,           0.,      -118.75,           5.
    432,           0.,      -113.75,           5.
    433,           0.,      -108.75,           5.
    434,           0.,      -103.75,           5.
    435,           0.,       -98.75,           5.
    436,           0.,       -93.75,           5.
    437,           0.,       -88.75,           5.
    438,           0.,       -83.75,           5.
    439,           0.,       -78.75,           5.
    440,           0.,       -73.75,           5.
    441,           0.,       -68.75,           5.
    442,           0.,       -63.75,           5.
    443,           0.,       -58.75,           5.
    444,           0.,       -53.75,           5.
    445,           0.,       -48.75,           5.
    446,           0.,       -43.75,           5.
    447,           0.,       -38.75,           5.
    448,           0.,       -33.75,           5.
    449,           0.,       -28.75,           5.
    450,           0.,       -23.75,           5.
    451,           0.,       -18.75,           5.
    452,           0.,       -13.75,           5.
    453,           0.,        -8.75,           5.
    454,           0.,        -3.75,           5.
    455,           0.,         1.25,           5.
    456,           0.,         6.25,           5.
    457,           0.,        11.25,           5.
    458,           0.,        16.25,           5.
    459,           0.,        21.25,           5.
    460,           0.,        26.25,           5.
    461,           0.,        31.25,           5.
    462,           0.,        36.25,           5.
    463,           0.,        41.25,           5.
    464,           0.,        46.25,           5.
    465,           0.,        51.25,           5.
    466,           0.,        56.25,           5.
    467,           0.,        61.25,           5.
    468,       -19.75,      -128.75,           5.
    469,        -19.5,      -123.75,           5.
    470,       -19.25,      -118.75,           5.
    471,         -19.,      -113.75,           5.
    472,       -18.75,      -108.75,           5.
    473,        -18.5,      -103.75,           5.
    474,       -18.25,       -98.75,           5.
    475,         -18.,       -93.75,           5.
    476,       -17.75,       -88.75,           5.
    477,        -17.5,       -83.75,           5.
    478,       -17.25,       -78.75,           5.
    479,         -17.,       -73.75,           5.
    480,       -16.75,       -68.75,           5.
    481,        -16.5,       -63.75,           5.
    482,       -16.25,       -58.75,           5.
    483,         -16.,       -53.75,           5.
    484,       -15.75,       -48.75,           5.
    485,        -15.5,       -43.75,           5.
    486,       -15.25,       -38.75,           5.
    487,         -15.,       -33.75,           5.
    488,       -14.75,       -28.75,           5.
    489,        -14.5,       -23.75,           5.
    490,       -14.25,       -18.75,           5.
    491,         -14.,       -13.75,           5.
    492,       -13.75,        -8.75,           5.
    493,        -13.5,        -3.75,           5.
    494,       -13.25,         1.25,           5.
    495,         -13.,         6.25,           5.
    496,       -12.75,        11.25,           5.
    497,        -12.5,        16.25,           5.
    498,       -12.25,        21.25,           5.
    499,         -12.,        26.25,           5.
    500,       -11.75,        31.25,           5.
    501,        -11.5,        36.25,           5.
    502,       -11.25,        41.25,           5.
    503,         -11.,        46.25,           5.
    504,       -10.75,        51.25,           5.
    505,        -10.5,        56.25,           5.
    506,       -10.25,        61.25,           5.
    507,   6.66666651,      -133.75,           5.
    508,    13.333333,      -133.75,           5.
    509,   3.33333325,        66.25,           5.
    510,   6.66666651,        66.25,           5.
    511,   6.58333349,      -128.75,          10.
    512,    13.166667,      -128.75,          10.
    513,          6.5,      -123.75,          10.
    514,          13.,      -123.75,          10.
    515,   6.41666651,      -118.75,          10.
    516,    12.833333,      -118.75,          10.
    517,   6.33333349,      -113.75,          10.
    518,    12.666667,      -113.75,          10.
    519,         6.25,      -108.75,          10.
    520,         12.5,      -108.75,          10.
    521,   6.16666651,      -103.75,          10.
    522,    12.333333,      -103.75,          10.
    523,   6.08333349,       -98.75,          10.
    524,    12.166667,       -98.75,          10.
    525,           6.,       -93.75,          10.
    526,          12.,       -93.75,          10.
    527,   5.91666651,       -88.75,          10.
    528,    11.833333,       -88.75,          10.
    529,   5.83333349,       -83.75,          10.
    530,    11.666667,       -83.75,          10.
    531,         5.75,       -78.75,          10.
    532,         11.5,       -78.75,          10.
    533,   5.66666651,       -73.75,          10.
    534,    11.333333,       -73.75,          10.
    535,   5.58333349,       -68.75,          10.
    536,    11.166667,       -68.75,          10.
    537,          5.5,       -63.75,          10.
    538,          11.,       -63.75,          10.
    539,   5.41666651,       -58.75,          10.
    540,    10.833333,       -58.75,          10.
    541,   5.33333349,       -53.75,          10.
    542,    10.666667,       -53.75,          10.
    543,         5.25,       -48.75,          10.
    544,         10.5,       -48.75,          10.
    545,   5.16666651,       -43.75,          10.
    546,    10.333333,       -43.75,          10.
    547,   5.08333349,       -38.75,          10.
    548,    10.166667,       -38.75,          10.
    549,           5.,       -33.75,          10.
    550,          10.,       -33.75,          10.
    551,   4.91666651,       -28.75,          10.
    552,   9.83333302,       -28.75,          10.
    553,   4.83333349,       -23.75,          10.
    554,   9.66666698,       -23.75,          10.
    555,         4.75,       -18.75,          10.
    556,          9.5,       -18.75,          10.
    557,   4.66666651,       -13.75,          10.
    558,   9.33333302,       -13.75,          10.
    559,   4.58333349,        -8.75,          10.
    560,   9.16666698,        -8.75,          10.
    561,          4.5,        -3.75,          10.
    562,           9.,        -3.75,          10.
    563,   4.41666651,         1.25,          10.
    564,   8.83333302,         1.25,          10.
    565,   4.33333349,         6.25,          10.
    566,   8.66666698,         6.25,          10.
    567,         4.25,        11.25,          10.
    568,          8.5,        11.25,          10.
    569,   4.16666651,        16.25,          10.
    570,   8.33333302,        16.25,          10.
    571,   4.08333349,        21.25,          10.
    572,   8.16666698,        21.25,          10.
    573,           4.,        26.25,          10.
    574,           8.,        26.25,          10.
    575,   3.91666675,        31.25,          10.
    576,   7.83333349,        31.25,          10.
    577,   3.83333325,        36.25,          10.
    578,   7.66666651,        36.25,          10.
    579,         3.75,        41.25,          10.
    580,          7.5,        41.25,          10.
    581,   3.66666675,        46.25,          10.
    582,   7.33333349,        46.25,          10.
    583,   3.58333325,        51.25,          10.
    584,   7.16666651,        51.25,          10.
    585,          3.5,        56.25,          10.
    586,           7.,        56.25,          10.
    587,   3.41666675,        61.25,          10.
    588,   6.83333349,        61.25,          10.
    589,   6.58333349,      -128.75,           0.
    590,    13.166667,      -128.75,           0.
    591,          6.5,      -123.75,           0.
    592,          13.,      -123.75,           0.
    593,   6.41666651,      -118.75,           0.
    594,    12.833333,      -118.75,           0.
    595,   6.33333349,      -113.75,           0.
    596,    12.666667,      -113.75,           0.
    597,         6.25,      -108.75,           0.
    598,         12.5,      -108.75,           0.
    599,   6.16666651,      -103.75,           0.
    600,    12.333333,      -103.75,           0.
    601,   6.08333349,       -98.75,           0.
    602,    12.166667,       -98.75,           0.
    603,           6.,       -93.75,           0.
    604,          12.,       -93.75,           0.
    605,   5.91666651,       -88.75,           0.
    606,    11.833333,       -88.75,           0.
    607,   5.83333349,       -83.75,           0.
    608,    11.666667,       -83.75,           0.
    609,         5.75,       -78.75,           0.
    610,         11.5,       -78.75,           0.
    611,   5.66666651,       -73.75,           0.
    612,    11.333333,       -73.75,           0.
    613,   5.58333349,       -68.75,           0.
    614,    11.166667,       -68.75,           0.
    615,          5.5,       -63.75,           0.
    616,          11.,       -63.75,           0.
    617,   5.41666651,       -58.75,           0.
    618,    10.833333,       -58.75,           0.
    619,   5.33333349,       -53.75,           0.
    620,    10.666667,       -53.75,           0.
    621,         5.25,       -48.75,           0.
    622,         10.5,       -48.75,           0.
    623,   5.16666651,       -43.75,           0.
    624,    10.333333,       -43.75,           0.
    625,   5.08333349,       -38.75,           0.
    626,    10.166667,       -38.75,           0.
    627,           5.,       -33.75,           0.
    628,          10.,       -33.75,           0.
    629,   4.91666651,       -28.75,           0.
    630,   9.83333302,       -28.75,           0.
    631,   4.83333349,       -23.75,           0.
    632,   9.66666698,       -23.75,           0.
    633,         4.75,       -18.75,           0.
    634,          9.5,       -18.75,           0.
    635,   4.66666651,       -13.75,           0.
    636,   9.33333302,       -13.75,           0.
    637,   4.58333349,        -8.75,           0.
    638,   9.16666698,        -8.75,           0.
    639,          4.5,        -3.75,           0.
    640,           9.,        -3.75,           0.
    641,   4.41666651,         1.25,           0.
    642,   8.83333302,         1.25,           0.
    643,   4.33333349,         6.25,           0.
    644,   8.66666698,         6.25,           0.
    645,         4.25,        11.25,           0.
    646,          8.5,        11.25,           0.
    647,   4.16666651,        16.25,           0.
    648,   8.33333302,        16.25,           0.
    649,   4.08333349,        21.25,           0.
    650,   8.16666698,        21.25,           0.
    651,           4.,        26.25,           0.
    652,           8.,        26.25,           0.
    653,   3.91666675,        31.25,           0.
    654,   7.83333349,        31.25,           0.
    655,   3.83333325,        36.25,           0.
    656,   7.66666651,        36.25,           0.
    657,         3.75,        41.25,           0.
    658,          7.5,        41.25,           0.
    659,   3.66666675,        46.25,           0.
    660,   7.33333349,        46.25,           0.
    661,   3.58333325,        51.25,           0.
    662,   7.16666651,        51.25,           0.
    663,          3.5,        56.25,           0.
    664,           7.,        56.25,           0.
    665,   3.41666675,        61.25,           0.
    666,   6.83333349,        61.25,           0.
    667,        19.75,      -128.75,           5.
    668,         19.5,      -123.75,           5.
    669,        19.25,      -118.75,           5.
    670,          19.,      -113.75,           5.
    671,        18.75,      -108.75,           5.
    672,         18.5,      -103.75,           5.
    673,        18.25,       -98.75,           5.
    674,          18.,       -93.75,           5.
    675,        17.75,       -88.75,           5.
    676,         17.5,       -83.75,           5.
    677,        17.25,       -78.75,           5.
    678,          17.,       -73.75,           5.
    679,        16.75,       -68.75,           5.
    680,         16.5,       -63.75,           5.
    681,        16.25,       -58.75,           5.
    682,          16.,       -53.75,           5.
    683,        15.75,       -48.75,           5.
    684,         15.5,       -43.75,           5.
    685,        15.25,       -38.75,           5.
    686,          15.,       -33.75,           5.
    687,        14.75,       -28.75,           5.
    688,         14.5,       -23.75,           5.
    689,        14.25,       -18.75,           5.
    690,          14.,       -13.75,           5.
    691,        13.75,        -8.75,           5.
    692,         13.5,        -3.75,           5.
    693,        13.25,         1.25,           5.
    694,          13.,         6.25,           5.
    695,        12.75,        11.25,           5.
    696,         12.5,        16.25,           5.
    697,        12.25,        21.25,           5.
    698,          12.,        26.25,           5.
    699,        11.75,        31.25,           5.
    700,         11.5,        36.25,           5.
    701,        11.25,        41.25,           5.
    702,          11.,        46.25,           5.
    703,        10.75,        51.25,           5.
    704,         10.5,        56.25,           5.
    705,        10.25,        61.25,           5.
    706,  -6.58333349,      -128.75,           5.
    707,   -13.166667,      -128.75,           5.
    708,         -6.5,      -123.75,           5.
    709,         -13.,      -123.75,           5.
    710,  -6.41666651,      -118.75,           5.
    711,   -12.833333,      -118.75,           5.
    712,  -6.33333349,      -113.75,           5.
    713,   -12.666667,      -113.75,           5.
    714,        -6.25,      -108.75,           5.
    715,        -12.5,      -108.75,           5.
    716,  -6.16666651,      -103.75,           5.
    717,   -12.333333,      -103.75,           5.
    718,  -6.08333349,       -98.75,           5.
    719,   -12.166667,       -98.75,           5.
    720,          -6.,       -93.75,           5.
    721,         -12.,       -93.75,           5.
    722,  -5.91666651,       -88.75,           5.
    723,   -11.833333,       -88.75,           5.
    724,  -5.83333349,       -83.75,           5.
    725,   -11.666667,       -83.75,           5.
    726,        -5.75,       -78.75,           5.
    727,        -11.5,       -78.75,           5.
    728,  -5.66666651,       -73.75,           5.
    729,   -11.333333,       -73.75,           5.
    730,  -5.58333349,       -68.75,           5.
    731,   -11.166667,       -68.75,           5.
    732,         -5.5,       -63.75,           5.
    733,         -11.,       -63.75,           5.
    734,  -5.41666651,       -58.75,           5.
    735,   -10.833333,       -58.75,           5.
    736,  -5.33333349,       -53.75,           5.
    737,   -10.666667,       -53.75,           5.
    738,        -5.25,       -48.75,           5.
    739,        -10.5,       -48.75,           5.
    740,  -5.16666651,       -43.75,           5.
    741,   -10.333333,       -43.75,           5.
    742,  -5.08333349,       -38.75,           5.
    743,   -10.166667,       -38.75,           5.
    744,          -5.,       -33.75,           5.
    745,         -10.,       -33.75,           5.
    746,  -4.91666651,       -28.75,           5.
    747,  -9.83333302,       -28.75,           5.
    748,  -4.83333349,       -23.75,           5.
    749,  -9.66666698,       -23.75,           5.
    750,        -4.75,       -18.75,           5.
    751,         -9.5,       -18.75,           5.
    752,  -4.66666651,       -13.75,           5.
    753,  -9.33333302,       -13.75,           5.
    754,  -4.58333349,        -8.75,           5.
    755,  -9.16666698,        -8.75,           5.
    756,         -4.5,        -3.75,           5.
    757,          -9.,        -3.75,           5.
    758,  -4.41666651,         1.25,           5.
    759,  -8.83333302,         1.25,           5.
    760,  -4.33333349,         6.25,           5.
    761,  -8.66666698,         6.25,           5.
    762,        -4.25,        11.25,           5.
    763,         -8.5,        11.25,           5.
    764,  -4.16666651,        16.25,           5.
    765,  -8.33333302,        16.25,           5.
    766,  -4.08333349,        21.25,           5.
    767,  -8.16666698,        21.25,           5.
    768,          -4.,        26.25,           5.
    769,          -8.,        26.25,           5.
    770,  -3.91666675,        31.25,           5.
    771,  -7.83333349,        31.25,           5.
    772,  -3.83333325,        36.25,           5.
    773,  -7.66666651,        36.25,           5.
    774,        -3.75,        41.25,           5.
    775,         -7.5,        41.25,           5.
    776,  -3.66666675,        46.25,           5.
    777,  -7.33333349,        46.25,           5.
    778,  -3.58333325,        51.25,           5.
    779,  -7.16666651,        51.25,           5.
    780,         -3.5,        56.25,           5.
    781,          -7.,        56.25,           5.
    782,  -3.41666675,        61.25,           5.
    783,  -6.83333349,        61.25,           5.
    784,   6.58333349,      -128.75,           5.
    785,    13.166667,      -128.75,           5.
    786,          6.5,      -123.75,           5.
    787,          13.,      -123.75,           5.
    788,   6.41666651,      -118.75,           5.
    789,    12.833333,      -118.75,           5.
    790,   6.33333349,      -113.75,           5.
    791,    12.666667,      -113.75,           5.
    792,         6.25,      -108.75,           5.
    793,         12.5,      -108.75,           5.
    794,   6.16666651,      -103.75,           5.
    795,    12.333333,      -103.75,           5.
    796,   6.08333349,       -98.75,           5.
    797,    12.166667,       -98.75,           5.
    798,           6.,       -93.75,           5.
    799,          12.,       -93.75,           5.
    800,   5.91666651,       -88.75,           5.
    801,    11.833333,       -88.75,           5.
    802,   5.83333349,       -83.75,           5.
    803,    11.666667,       -83.75,           5.
    804,         5.75,       -78.75,           5.
    805,         11.5,       -78.75,           5.
    806,   5.66666651,       -73.75,           5.
    807,    11.333333,       -73.75,           5.
    808,   5.58333349,       -68.75,           5.
    809,    11.166667,       -68.75,           5.
    810,          5.5,       -63.75,           5.
    811,          11.,       -63.75,           5.
    812,   5.41666651,       -58.75,           5.
    813,    10.833333,       -58.75,           5.
    814,   5.33333349,       -53.75,           5.
    815,    10.666667,       -53.75,           5.
    816,         5.25,       -48.75,           5.
    817,         10.5,       -48.75,           5.
    818,   5.16666651,       -43.75,           5.
    819,    10.333333,       -43.75,           5.
    820,   5.08333349,       -38.75,           5.
    821,    10.166667,       -38.75,           5.
    822,           5.,       -33.75,           5.
    823,          10.,       -33.75,           5.
    824,   4.91666651,       -28.75,           5.
    825,   9.83333302,       -28.75,           5.
    826,   4.83333349,       -23.75,           5.
    827,   9.66666698,       -23.75,           5.
    828,         4.75,       -18.75,           5.
    829,          9.5,       -18.75,           5.
    830,   4.66666651,       -13.75,           5.
    831,   9.33333302,       -13.75,           5.
    832,   4.58333349,        -8.75,           5.
    833,   9.16666698,        -8.75,           5.
    834,          4.5,        -3.75,           5.
    835,           9.,        -3.75,           5.
    836,   4.41666651,         1.25,           5.
    837,   8.83333302,         1.25,           5.
    838,   4.33333349,         6.25,           5.
    839,   8.66666698,         6.25,           5.
    840,         4.25,        11.25,           5.
    841,          8.5,        11.25,           5.
    842,   4.16666651,        16.25,           5.
    843,   8.33333302,        16.25,           5.
    844,   4.08333349,        21.25,           5.
    845,   8.16666698,        21.25,           5.
    846,           4.,        26.25,           5.
    847,           8.,        26.25,           5.
    848,   3.91666675,        31.25,           5.
    849,   7.83333349,        31.25,           5.
    850,   3.83333325,        36.25,           5.
    851,   7.66666651,        36.25,           5.
    852,         3.75,        41.25,           5.
    853,          7.5,        41.25,           5.
    854,   3.66666675,        46.25,           5.
    855,   7.33333349,        46.25,           5.
    856,   3.58333325,        51.25,           5.
    857,   7.16666651,        51.25,           5.
    858,          3.5,        56.25,           5.
    859,           7.,        56.25,           5.
    860,   3.41666675,        61.25,           5.
    861,   6.83333349,        61.25,           5.
*Element, type=C3D8R
  1, 102, 429, 706, 273,   1,  13, 269,  18
  2, 429, 142, 351, 706,  13,   2,  14, 269
  3, 273, 706, 707, 274,  18, 269, 270,  17
  4, 706, 351, 352, 707, 269,  14,  15, 270
  5, 274, 707, 468,  25,  17, 270,  16,   4
  6, 707, 352, 141, 468, 270,  15,   3,  16
  7, 101, 430, 708, 275, 102, 429, 706, 273
  8, 430, 143, 353, 708, 429, 142, 351, 706
  9, 275, 708, 709, 276, 273, 706, 707, 274
 10, 708, 353, 354, 709, 706, 351, 352, 707
 11, 276, 709, 469,  26, 274, 707, 468,  25
 12, 709, 354, 140, 469, 707, 352, 141, 468
 13, 100, 431, 710, 277, 101, 430, 708, 275
 14, 431, 144, 355, 710, 430, 143, 353, 708
 15, 277, 710, 711, 278, 275, 708, 709, 276
 16, 710, 355, 356, 711, 708, 353, 354, 709
 17, 278, 711, 470,  27, 276, 709, 469,  26
 18, 711, 356, 139, 470, 709, 354, 140, 469
 19,  99, 432, 712, 279, 100, 431, 710, 277
 20, 432, 145, 357, 712, 431, 144, 355, 710
 21, 279, 712, 713, 280, 277, 710, 711, 278
 22, 712, 357, 358, 713, 710, 355, 356, 711
 23, 280, 713, 471,  28, 278, 711, 470,  27
 24, 713, 358, 138, 471, 711, 356, 139, 470
 25,  98, 433, 714, 281,  99, 432, 712, 279
 26, 433, 146, 359, 714, 432, 145, 357, 712
 27, 281, 714, 715, 282, 279, 712, 713, 280
 28, 714, 359, 360, 715, 712, 357, 358, 713
 29, 282, 715, 472,  29, 280, 713, 471,  28
 30, 715, 360, 137, 472, 713, 358, 138, 471
 31,  97, 434, 716, 283,  98, 433, 714, 281
 32, 434, 147, 361, 716, 433, 146, 359, 714
 33, 283, 716, 717, 284, 281, 714, 715, 282
 34, 716, 361, 362, 717, 714, 359, 360, 715
 35, 284, 717, 473,  30, 282, 715, 472,  29
 36, 717, 362, 136, 473, 715, 360, 137, 472
 37,  96, 435, 718, 285,  97, 434, 716, 283
 38, 435, 148, 363, 718, 434, 147, 361, 716
 39, 285, 718, 719, 286, 283, 716, 717, 284
 40, 718, 363, 364, 719, 716, 361, 362, 717
 41, 286, 719, 474,  31, 284, 717, 473,  30
 42, 719, 364, 135, 474, 717, 362, 136, 473
 43,  95, 436, 720, 287,  96, 435, 718, 285
 44, 436, 149, 365, 720, 435, 148, 363, 718
 45, 287, 720, 721, 288, 285, 718, 719, 286
 46, 720, 365, 366, 721, 718, 363, 364, 719
 47, 288, 721, 475,  32, 286, 719, 474,  31
 48, 721, 366, 134, 475, 719, 364, 135, 474
 49,  94, 437, 722, 289,  95, 436, 720, 287
 50, 437, 150, 367, 722, 436, 149, 365, 720
 51, 289, 722, 723, 290, 287, 720, 721, 288
 52, 722, 367, 368, 723, 720, 365, 366, 721
 53, 290, 723, 476,  33, 288, 721, 475,  32
 54, 723, 368, 133, 476, 721, 366, 134, 475
 55,  93, 438, 724, 291,  94, 437, 722, 289
 56, 438, 151, 369, 724, 437, 150, 367, 722
 57, 291, 724, 725, 292, 289, 722, 723, 290
 58, 724, 369, 370, 725, 722, 367, 368, 723
 59, 292, 725, 477,  34, 290, 723, 476,  33
 60, 725, 370, 132, 477, 723, 368, 133, 476
 61,  92, 439, 726, 293,  93, 438, 724, 291
 62, 439, 152, 371, 726, 438, 151, 369, 724
 63, 293, 726, 727, 294, 291, 724, 725, 292
 64, 726, 371, 372, 727, 724, 369, 370, 725
 65, 294, 727, 478,  35, 292, 725, 477,  34
 66, 727, 372, 131, 478, 725, 370, 132, 477
 67,  91, 440, 728, 295,  92, 439, 726, 293
 68, 440, 153, 373, 728, 439, 152, 371, 726
 69, 295, 728, 729, 296, 293, 726, 727, 294
 70, 728, 373, 374, 729, 726, 371, 372, 727
 71, 296, 729, 479,  36, 294, 727, 478,  35
 72, 729, 374, 130, 479, 727, 372, 131, 478
 73,  90, 441, 730, 297,  91, 440, 728, 295
 74, 441, 154, 375, 730, 440, 153, 373, 728
 75, 297, 730, 731, 298, 295, 728, 729, 296
 76, 730, 375, 376, 731, 728, 373, 374, 729
 77, 298, 731, 480,  37, 296, 729, 479,  36
 78, 731, 376, 129, 480, 729, 374, 130, 479
 79,  89, 442, 732, 299,  90, 441, 730, 297
 80, 442, 155, 377, 732, 441, 154, 375, 730
 81, 299, 732, 733, 300, 297, 730, 731, 298
 82, 732, 377, 378, 733, 730, 375, 376, 731
 83, 300, 733, 481,  38, 298, 731, 480,  37
 84, 733, 378, 128, 481, 731, 376, 129, 480
 85,  88, 443, 734, 301,  89, 442, 732, 299
 86, 443, 156, 379, 734, 442, 155, 377, 732
 87, 301, 734, 735, 302, 299, 732, 733, 300
 88, 734, 379, 380, 735, 732, 377, 378, 733
 89, 302, 735, 482,  39, 300, 733, 481,  38
 90, 735, 380, 127, 482, 733, 378, 128, 481
 91,  87, 444, 736, 303,  88, 443, 734, 301
 92, 444, 157, 381, 736, 443, 156, 379, 734
 93, 303, 736, 737, 304, 301, 734, 735, 302
 94, 736, 381, 382, 737, 734, 379, 380, 735
 95, 304, 737, 483,  40, 302, 735, 482,  39
 96, 737, 382, 126, 483, 735, 380, 127, 482
 97,  86, 445, 738, 305,  87, 444, 736, 303
 98, 445, 158, 383, 738, 444, 157, 381, 736
 99, 305, 738, 739, 306, 303, 736, 737, 304
100, 738, 383, 384, 739, 736, 381, 382, 737
101, 306, 739, 484,  41, 304, 737, 483,  40
102, 739, 384, 125, 484, 737, 382, 126, 483
103,  85, 446, 740, 307,  86, 445, 738, 305
104, 446, 159, 385, 740, 445, 158, 383, 738
105, 307, 740, 741, 308, 305, 738, 739, 306
106, 740, 385, 386, 741, 738, 383, 384, 739
107, 308, 741, 485,  42, 306, 739, 484,  41
108, 741, 386, 124, 485, 739, 384, 125, 484
109,  84, 447, 742, 309,  85, 446, 740, 307
110, 447, 160, 387, 742, 446, 159, 385, 740
111, 309, 742, 743, 310, 307, 740, 741, 308
112, 742, 387, 388, 743, 740, 385, 386, 741
113, 310, 743, 486,  43, 308, 741, 485,  42
114, 743, 388, 123, 486, 741, 386, 124, 485
115,  83, 448, 744, 311,  84, 447, 742, 309
116, 448, 161, 389, 744, 447, 160, 387, 742
117, 311, 744, 745, 312, 309, 742, 743, 310
118, 744, 389, 390, 745, 742, 387, 388, 743
119, 312, 745, 487,  44, 310, 743, 486,  43
120, 745, 390, 122, 487, 743, 388, 123, 486
121,  82, 449, 746, 313,  83, 448, 744, 311
122, 449, 162, 391, 746, 448, 161, 389, 744
123, 313, 746, 747, 314, 311, 744, 745, 312
124, 746, 391, 392, 747, 744, 389, 390, 745
125, 314, 747, 488,  45, 312, 745, 487,  44
126, 747, 392, 121, 488, 745, 390, 122, 487
127,  81, 450, 748, 315,  82, 449, 746, 313
128, 450, 163, 393, 748, 449, 162, 391, 746
129, 315, 748, 749, 316, 313, 746, 747, 314
130, 748, 393, 394, 749, 746, 391, 392, 747
131, 316, 749, 489,  46, 314, 747, 488,  45
132, 749, 394, 120, 489, 747, 392, 121, 488
133,  80, 451, 750, 317,  81, 450, 748, 315
134, 451, 164, 395, 750, 450, 163, 393, 748
135, 317, 750, 751, 318, 315, 748, 749, 316
136, 750, 395, 396, 751, 748, 393, 394, 749
137, 318, 751, 490,  47, 316, 749, 489,  46
138, 751, 396, 119, 490, 749, 394, 120, 489
139,  79, 452, 752, 319,  80, 451, 750, 317
140, 452, 165, 397, 752, 451, 164, 395, 750
141, 319, 752, 753, 320, 317, 750, 751, 318
142, 752, 397, 398, 753, 750, 395, 396, 751
143, 320, 753, 491,  48, 318, 751, 490,  47
144, 753, 398, 118, 491, 751, 396, 119, 490
145,  78, 453, 754, 321,  79, 452, 752, 319
146, 453, 166, 399, 754, 452, 165, 397, 752
147, 321, 754, 755, 322, 319, 752, 753, 320
148, 754, 399, 400, 755, 752, 397, 398, 753
149, 322, 755, 492,  49, 320, 753, 491,  48
150, 755, 400, 117, 492, 753, 398, 118, 491
151,  77, 454, 756, 323,  78, 453, 754, 321
152, 454, 167, 401, 756, 453, 166, 399, 754
153, 323, 756, 757, 324, 321, 754, 755, 322
154, 756, 401, 402, 757, 754, 399, 400, 755
155, 324, 757, 493,  50, 322, 755, 492,  49
156, 757, 402, 116, 493, 755, 400, 117, 492
157,  76, 455, 758, 325,  77, 454, 756, 323
158, 455, 168, 403, 758, 454, 167, 401, 756
159, 325, 758, 759, 326, 323, 756, 757, 324
160, 758, 403, 404, 759, 756, 401, 402, 757
161, 326, 759, 494,  51, 324, 757, 493,  50
162, 759, 404, 115, 494, 757, 402, 116, 493
163,  75, 456, 760, 327,  76, 455, 758, 325
164, 456, 169, 405, 760, 455, 168, 403, 758
165, 327, 760, 761, 328, 325, 758, 759, 326
166, 760, 405, 406, 761, 758, 403, 404, 759
167, 328, 761, 495,  52, 326, 759, 494,  51
168, 761, 406, 114, 495, 759, 404, 115, 494
169,  74, 457, 762, 329,  75, 456, 760, 327
170, 457, 170, 407, 762, 456, 169, 405, 760
171, 329, 762, 763, 330, 327, 760, 761, 328
172, 762, 407, 408, 763, 760, 405, 406, 761
173, 330, 763, 496,  53, 328, 761, 495,  52
174, 763, 408, 113, 496, 761, 406, 114, 495
175,  73, 458, 764, 331,  74, 457, 762, 329
176, 458, 171, 409, 764, 457, 170, 407, 762
177, 331, 764, 765, 332, 329, 762, 763, 330
178, 764, 409, 410, 765, 762, 407, 408, 763
179, 332, 765, 497,  54, 330, 763, 496,  53
180, 765, 410, 112, 497, 763, 408, 113, 496
181,  72, 459, 766, 333,  73, 458, 764, 331
182, 459, 172, 411, 766, 458, 171, 409, 764
183, 333, 766, 767, 334, 331, 764, 765, 332
184, 766, 411, 412, 767, 764, 409, 410, 765
185, 334, 767, 498,  55, 332, 765, 497,  54
186, 767, 412, 111, 498, 765, 410, 112, 497
187,  71, 460, 768, 335,  72, 459, 766, 333
188, 460, 173, 413, 768, 459, 172, 411, 766
189, 335, 768, 769, 336, 333, 766, 767, 334
190, 768, 413, 414, 769, 766, 411, 412, 767
191, 336, 769, 499,  56, 334, 767, 498,  55
192, 769, 414, 110, 499, 767, 412, 111, 498
193,  70, 461, 770, 337,  71, 460, 768, 335
194, 461, 174, 415, 770, 460, 173, 413, 768
195, 337, 770, 771, 338, 335, 768, 769, 336
196, 770, 415, 416, 771, 768, 413, 414, 769
197, 338, 771, 500,  57, 336, 769, 499,  56
198, 771, 416, 109, 500, 769, 414, 110, 499
199,  69, 462, 772, 339,  70, 461, 770, 337
200, 462, 175, 417, 772, 461, 174, 415, 770
201, 339, 772, 773, 340, 337, 770, 771, 338
202, 772, 417, 418, 773, 770, 415, 416, 771
203, 340, 773, 501,  58, 338, 771, 500,  57
204, 773, 418, 108, 501, 771, 416, 109, 500
205,  68, 463, 774, 341,  69, 462, 772, 339
206, 463, 176, 419, 774, 462, 175, 417, 772
207, 341, 774, 775, 342, 339, 772, 773, 340
208, 774, 419, 420, 775, 772, 417, 418, 773
209, 342, 775, 502,  59, 340, 773, 501,  58
210, 775, 420, 107, 502, 773, 418, 108, 501
211,  67, 464, 776, 343,  68, 463, 774, 341
212, 464, 177, 421, 776, 463, 176, 419, 774
213, 343, 776, 777, 344, 341, 774, 775, 342
214, 776, 421, 422, 777, 774, 419, 420, 775
215, 344, 777, 503,  60, 342, 775, 502,  59
216, 777, 422, 106, 503, 775, 420, 107, 502
217,  66, 465, 778, 345,  67, 464, 776, 343
218, 465, 178, 423, 778, 464, 177, 421, 776
219, 345, 778, 779, 346, 343, 776, 777, 344
220, 778, 423, 424, 779, 776, 421, 422, 777
221, 346, 779, 504,  61, 344, 777, 503,  60
222, 779, 424, 105, 504, 777, 422, 106, 503
223,  65, 466, 780, 347,  66, 465, 778, 345
224, 466, 179, 425, 780, 465, 178, 423, 778
225, 347, 780, 781, 348, 345, 778, 779, 346
226, 780, 425, 426, 781, 778, 423, 424, 779
227, 348, 781, 505,  62, 346, 779, 504,  61
228, 781, 426, 104, 505, 779, 424, 105, 504
229,  64, 467, 782, 349,  65, 466, 780, 347
230, 467, 180, 427, 782, 466, 179, 425, 780
231, 349, 782, 783, 350, 347, 780, 781, 348
232, 782, 427, 428, 783, 780, 425, 426, 781
233, 350, 783, 506,  63, 348, 781, 505,  62
234, 783, 428, 103, 506, 781, 426, 104, 505
235,   8,  19, 271,  23,  64, 467, 782, 349
236,  19,   5,  21, 271, 467, 180, 427, 782
237,  23, 271, 272,  24, 349, 782, 783, 350
238, 271,  21,  20, 272, 782, 427, 428, 783
239,  24, 272,  22,   7, 350, 783, 506,  63
240, 272,  20,   6,  22, 783, 428, 103, 506
241, 142, 429, 784, 511,   2,  13, 507, 185
242, 429, 102, 589, 784,  13,   1, 181, 507
243, 511, 784, 785, 512, 185, 507, 508, 184
244, 784, 589, 590, 785, 507, 181, 182, 508
245, 512, 785, 667, 191, 184, 508, 183,  10
246, 785, 590, 268, 667, 508, 182,   9, 183
247, 143, 430, 786, 513, 142, 429, 784, 511
248, 430, 101, 591, 786, 429, 102, 589, 784
249, 513, 786, 787, 514, 511, 784, 785, 512
250, 786, 591, 592, 787, 784, 589, 590, 785
251, 514, 787, 668, 192, 512, 785, 667, 191
252, 787, 592, 267, 668, 785, 590, 268, 667
253, 144, 431, 788, 515, 143, 430, 786, 513
254, 431, 100, 593, 788, 430, 101, 591, 786
255, 515, 788, 789, 516, 513, 786, 787, 514
256, 788, 593, 594, 789, 786, 591, 592, 787
257, 516, 789, 669, 193, 514, 787, 668, 192
258, 789, 594, 266, 669, 787, 592, 267, 668
259, 145, 432, 790, 517, 144, 431, 788, 515
260, 432,  99, 595, 790, 431, 100, 593, 788
261, 517, 790, 791, 518, 515, 788, 789, 516
262, 790, 595, 596, 791, 788, 593, 594, 789
263, 518, 791, 670, 194, 516, 789, 669, 193
264, 791, 596, 265, 670, 789, 594, 266, 669
265, 146, 433, 792, 519, 145, 432, 790, 517
266, 433,  98, 597, 792, 432,  99, 595, 790
267, 519, 792, 793, 520, 517, 790, 791, 518
268, 792, 597, 598, 793, 790, 595, 596, 791
269, 520, 793, 671, 195, 518, 791, 670, 194
270, 793, 598, 264, 671, 791, 596, 265, 670
271, 147, 434, 794, 521, 146, 433, 792, 519
272, 434,  97, 599, 794, 433,  98, 597, 792
273, 521, 794, 795, 522, 519, 792, 793, 520
274, 794, 599, 600, 795, 792, 597, 598, 793
275, 522, 795, 672, 196, 520, 793, 671, 195
276, 795, 600, 263, 672, 793, 598, 264, 671
277, 148, 435, 796, 523, 147, 434, 794, 521
278, 435,  96, 601, 796, 434,  97, 599, 794
279, 523, 796, 797, 524, 521, 794, 795, 522
280, 796, 601, 602, 797, 794, 599, 600, 795
281, 524, 797, 673, 197, 522, 795, 672, 196
282, 797, 602, 262, 673, 795, 600, 263, 672
283, 149, 436, 798, 525, 148, 435, 796, 523
284, 436,  95, 603, 798, 435,  96, 601, 796
285, 525, 798, 799, 526, 523, 796, 797, 524
286, 798, 603, 604, 799, 796, 601, 602, 797
287, 526, 799, 674, 198, 524, 797, 673, 197
288, 799, 604, 261, 674, 797, 602, 262, 673
289, 150, 437, 800, 527, 149, 436, 798, 525
290, 437,  94, 605, 800, 436,  95, 603, 798
291, 527, 800, 801, 528, 525, 798, 799, 526
292, 800, 605, 606, 801, 798, 603, 604, 799
293, 528, 801, 675, 199, 526, 799, 674, 198
294, 801, 606, 260, 675, 799, 604, 261, 674
295, 151, 438, 802, 529, 150, 437, 800, 527
296, 438,  93, 607, 802, 437,  94, 605, 800
297, 529, 802, 803, 530, 527, 800, 801, 528
298, 802, 607, 608, 803, 800, 605, 606, 801
299, 530, 803, 676, 200, 528, 801, 675, 199
300, 803, 608, 259, 676, 801, 606, 260, 675
301, 152, 439, 804, 531, 151, 438, 802, 529
302, 439,  92, 609, 804, 438,  93, 607, 802
303, 531, 804, 805, 532, 529, 802, 803, 530
304, 804, 609, 610, 805, 802, 607, 608, 803
305, 532, 805, 677, 201, 530, 803, 676, 200
306, 805, 610, 258, 677, 803, 608, 259, 676
307, 153, 440, 806, 533, 152, 439, 804, 531
308, 440,  91, 611, 806, 439,  92, 609, 804
309, 533, 806, 807, 534, 531, 804, 805, 532
310, 806, 611, 612, 807, 804, 609, 610, 805
311, 534, 807, 678, 202, 532, 805, 677, 201
312, 807, 612, 257, 678, 805, 610, 258, 677
313, 154, 441, 808, 535, 153, 440, 806, 533
314, 441,  90, 613, 808, 440,  91, 611, 806
315, 535, 808, 809, 536, 533, 806, 807, 534
316, 808, 613, 614, 809, 806, 611, 612, 807
317, 536, 809, 679, 203, 534, 807, 678, 202
318, 809, 614, 256, 679, 807, 612, 257, 678
319, 155, 442, 810, 537, 154, 441, 808, 535
320, 442,  89, 615, 810, 441,  90, 613, 808
321, 537, 810, 811, 538, 535, 808, 809, 536
322, 810, 615, 616, 811, 808, 613, 614, 809
323, 538, 811, 680, 204, 536, 809, 679, 203
324, 811, 616, 255, 680, 809, 614, 256, 679
325, 156, 443, 812, 539, 155, 442, 810, 537
326, 443,  88, 617, 812, 442,  89, 615, 810
327, 539, 812, 813, 540, 537, 810, 811, 538
328, 812, 617, 618, 813, 810, 615, 616, 811
329, 540, 813, 681, 205, 538, 811, 680, 204
330, 813, 618, 254, 681, 811, 616, 255, 680
331, 157, 444, 814, 541, 156, 443, 812, 539
332, 444,  87, 619, 814, 443,  88, 617, 812
333, 541, 814, 815, 542, 539, 812, 813, 540
334, 814, 619, 620, 815, 812, 617, 618, 813
335, 542, 815, 682, 206, 540, 813, 681, 205
336, 815, 620, 253, 682, 813, 618, 254, 681
337, 158, 445, 816, 543, 157, 444, 814, 541
338, 445,  86, 621, 816, 444,  87, 619, 814
339, 543, 816, 817, 544, 541, 814, 815, 542
340, 816, 621, 622, 817, 814, 619, 620, 815
341, 544, 817, 683, 207, 542, 815, 682, 206
342, 817, 622, 252, 683, 815, 620, 253, 682
343, 159, 446, 818, 545, 158, 445, 816, 543
344, 446,  85, 623, 818, 445,  86, 621, 816
345, 545, 818, 819, 546, 543, 816, 817, 544
346, 818, 623, 624, 819, 816, 621, 622, 817
347, 546, 819, 684, 208, 544, 817, 683, 207
348, 819, 624, 251, 684, 817, 622, 252, 683
349, 160, 447, 820, 547, 159, 446, 818, 545
350, 447,  84, 625, 820, 446,  85, 623, 818
351, 547, 820, 821, 548, 545, 818, 819, 546
352, 820, 625, 626, 821, 818, 623, 624, 819
353, 548, 821, 685, 209, 546, 819, 684, 208
354, 821, 626, 250, 685, 819, 624, 251, 684
355, 161, 448, 822, 549, 160, 447, 820, 547
356, 448,  83, 627, 822, 447,  84, 625, 820
357, 549, 822, 823, 550, 547, 820, 821, 548
358, 822, 627, 628, 823, 820, 625, 626, 821
359, 550, 823, 686, 210, 548, 821, 685, 209
360, 823, 628, 249, 686, 821, 626, 250, 685
361, 162, 449, 824, 551, 161, 448, 822, 549
362, 449,  82, 629, 824, 448,  83, 627, 822
363, 551, 824, 825, 552, 549, 822, 823, 550
364, 824, 629, 630, 825, 822, 627, 628, 823
365, 552, 825, 687, 211, 550, 823, 686, 210
366, 825, 630, 248, 687, 823, 628, 249, 686
367, 163, 450, 826, 553, 162, 449, 824, 551
368, 450,  81, 631, 826, 449,  82, 629, 824
369, 553, 826, 827, 554, 551, 824, 825, 552
370, 826, 631, 632, 827, 824, 629, 630, 825
371, 554, 827, 688, 212, 552, 825, 687, 211
372, 827, 632, 247, 688, 825, 630, 248, 687
373, 164, 451, 828, 555, 163, 450, 826, 553
374, 451,  80, 633, 828, 450,  81, 631, 826
375, 555, 828, 829, 556, 553, 826, 827, 554
376, 828, 633, 634, 829, 826, 631, 632, 827
377, 556, 829, 689, 213, 554, 827, 688, 212
378, 829, 634, 246, 689, 827, 632, 247, 688
379, 165, 452, 830, 557, 164, 451, 828, 555
380, 452,  79, 635, 830, 451,  80, 633, 828
381, 557, 830, 831, 558, 555, 828, 829, 556
382, 830, 635, 636, 831, 828, 633, 634, 829
383, 558, 831, 690, 214, 556, 829, 689, 213
384, 831, 636, 245, 690, 829, 634, 246, 689
385, 166, 453, 832, 559, 165, 452, 830, 557
386, 453,  78, 637, 832, 452,  79, 635, 830
387, 559, 832, 833, 560, 557, 830, 831, 558
388, 832, 637, 638, 833, 830, 635, 636, 831
389, 560, 833, 691, 215, 558, 831, 690, 214
390, 833, 638, 244, 691, 831, 636, 245, 690
391, 167, 454, 834, 561, 166, 453, 832, 559
392, 454,  77, 639, 834, 453,  78, 637, 832
393, 561, 834, 835, 562, 559, 832, 833, 560
394, 834, 639, 640, 835, 832, 637, 638, 833
395, 562, 835, 692, 216, 560, 833, 691, 215
396, 835, 640, 243, 692, 833, 638, 244, 691
397, 168, 455, 836, 563, 167, 454, 834, 561
398, 455,  76, 641, 836, 454,  77, 639, 834
399, 563, 836, 837, 564, 561, 834, 835, 562
400, 836, 641, 642, 837, 834, 639, 640, 835
401, 564, 837, 693, 217, 562, 835, 692, 216
402, 837, 642, 242, 693, 835, 640, 243, 692
403, 169, 456, 838, 565, 168, 455, 836, 563
404, 456,  75, 643, 838, 455,  76, 641, 836
405, 565, 838, 839, 566, 563, 836, 837, 564
406, 838, 643, 644, 839, 836, 641, 642, 837
407, 566, 839, 694, 218, 564, 837, 693, 217
408, 839, 644, 241, 694, 837, 642, 242, 693
409, 170, 457, 840, 567, 169, 456, 838, 565
410, 457,  74, 645, 840, 456,  75, 643, 838
411, 567, 840, 841, 568, 565, 838, 839, 566
412, 840, 645, 646, 841, 838, 643, 644, 839
413, 568, 841, 695, 219, 566, 839, 694, 218
414, 841, 646, 240, 695, 839, 644, 241, 694
415, 171, 458, 842, 569, 170, 457, 840, 567
416, 458,  73, 647, 842, 457,  74, 645, 840
417, 569, 842, 843, 570, 567, 840, 841, 568
418, 842, 647, 648, 843, 840, 645, 646, 841
419, 570, 843, 696, 220, 568, 841, 695, 219
420, 843, 648, 239, 696, 841, 646, 240, 695
421, 172, 459, 844, 571, 171, 458, 842, 569
422, 459,  72, 649, 844, 458,  73, 647, 842
423, 571, 844, 845, 572, 569, 842, 843, 570
424, 844, 649, 650, 845, 842, 647, 648, 843
425, 572, 845, 697, 221, 570, 843, 696, 220
426, 845, 650, 238, 697, 843, 648, 239, 696
427, 173, 460, 846, 573, 172, 459, 844, 571
428, 460,  71, 651, 846, 459,  72, 649, 844
429, 573, 846, 847, 574, 571, 844, 845, 572
430, 846, 651, 652, 847, 844, 649, 650, 845
431, 574, 847, 698, 222, 572, 845, 697, 221
432, 847, 652, 237, 698, 845, 650, 238, 697
433, 174, 461, 848, 575, 173, 460, 846, 573
434, 461,  70, 653, 848, 460,  71, 651, 846
435, 575, 848, 849, 576, 573, 846, 847, 574
436, 848, 653, 654, 849, 846, 651, 652, 847
437, 576, 849, 699, 223, 574, 847, 698, 222
438, 849, 654, 236, 699, 847, 652, 237, 698
439, 175, 462, 850, 577, 174, 461, 848, 575
440, 462,  69, 655, 850, 461,  70, 653, 848
441, 577, 850, 851, 578, 575, 848, 849, 576
442, 850, 655, 656, 851, 848, 653, 654, 849
443, 578, 851, 700, 224, 576, 849, 699, 223
444, 851, 656, 235, 700, 849, 654, 236, 699
445, 176, 463, 852, 579, 175, 462, 850, 577
446, 463,  68, 657, 852, 462,  69, 655, 850
447, 579, 852, 853, 580, 577, 850, 851, 578
448, 852, 657, 658, 853, 850, 655, 656, 851
449, 580, 853, 701, 225, 578, 851, 700, 224
450, 853, 658, 234, 701, 851, 656, 235, 700
451, 177, 464, 854, 581, 176, 463, 852, 579
452, 464,  67, 659, 854, 463,  68, 657, 852
453, 581, 854, 855, 582, 579, 852, 853, 580
454, 854, 659, 660, 855, 852, 657, 658, 853
455, 582, 855, 702, 226, 580, 853, 701, 225
456, 855, 660, 233, 702, 853, 658, 234, 701
457, 178, 465, 856, 583, 177, 464, 854, 581
458, 465,  66, 661, 856, 464,  67, 659, 854
459, 583, 856, 857, 584, 581, 854, 855, 582
460, 856, 661, 662, 857, 854, 659, 660, 855
461, 584, 857, 703, 227, 582, 855, 702, 226
462, 857, 662, 232, 703, 855, 660, 233, 702
463, 179, 466, 858, 585, 178, 465, 856, 583
464, 466,  65, 663, 858, 465,  66, 661, 856
465, 585, 858, 859, 586, 583, 856, 857, 584
466, 858, 663, 664, 859, 856, 661, 662, 857
467, 586, 859, 704, 228, 584, 857, 703, 227
468, 859, 664, 231, 704, 857, 662, 232, 703
469, 180, 467, 860, 587, 179, 466, 858, 585
470, 467,  64, 665, 860, 466,  65, 663, 858
471, 587, 860, 861, 588, 585, 858, 859, 586
472, 860, 665, 666, 861, 858, 663, 664, 859
473, 588, 861, 705, 229, 586, 859, 704, 228
474, 861, 666, 230, 705, 859, 664, 231, 704
475,   5,  19, 509, 189, 180, 467, 860, 587
476,  19,   8, 187, 509, 467,  64, 665, 860
477, 189, 509, 510, 190, 587, 860, 861, 588
478, 509, 187, 186, 510, 860, 665, 666, 861
479, 190, 510, 188,  12, 588, 861, 705, 229
480, 510, 186,  11, 188, 861, 666, 230, 705
*Nset, nset=_PickedSet4, internal, generate
   1,  861,    1
*Elset, elset=_PickedSet4, internal, generate
   1,  480,    1
** Section: Section-Pier
*Solid Section, elset=_PickedSet4, material=Concrete
,
*End Part