*Part, name=Part-RiverBank
*Node
      1,           0.,          10.,          20.
      2,           0.,         -10.,          20.
      3,           0.,         -10.,          50.
      4,           0.,          10.,          50.
      5,          50.,         -10.,          20.
      6,          50.,         -10.,          50.
      7,          50.,          10.,          50.
      8,          50.,          10.,          20.
      9,           0.,          10.,           0.
     10,           0.,         -10.,           0.
     11,          50.,          10.,           0.
     12,          50.,         -10.,           0.
     13,           0.,           5.,          20.
     14,           0.,           0.,          20.
     15,           0.,          -5.,          20.
     16,           0.,         -10.,          25.
     17,           0.,         -10.,          30.
     18,           0.,         -10.,          35.
     19,           0.,         -10.,          40.
     20,           0.,         -10.,          45.
     21,           0.,          -5.,          50.
     22,           0.,           0.,          50.
     23,           0.,           5.,          50.
     24,           0.,          10.,          45.
     25,           0.,          10.,          40.
     26,           0.,          10.,          35.
     27,           0.,          10.,          30.
     28,           0.,          10.,          25.
     29,          50.,          -5.,          20.
     30,          50.,           0.,          20.
     31,          50.,           5.,          20.
     32,          50.,         -10.,          45.
     33,          50.,         -10.,          40.
     34,          50.,         -10.,          35.
     35,          50.,         -10.,          30.
     36,          50.,         -10.,          25.
     37,          50.,           5.,          50.
     38,          50.,           0.,          50.
     39,          50.,          -5.,          50.
     40,          50.,          10.,          25.
     41,          50.,          10.,          30.
     42,          50.,          10.,          35.
     43,          50.,          10.,          40.
     44,          50.,          10.,          45.
     45,           5.,          10.,          50.
     46,          10.,          10.,          50.
     47,          15.,          10.,          50.
     48,          20.,          10.,          50.
     49,          25.,          10.,          50.
     50,          30.,          10.,          50.
     51,          35.,          10.,          50.
     52,          40.,          10.,          50.
     53,          45.,          10.,          50.
     54,          45.,          10.,          20.
     55,          40.,          10.,          20.
     56,          35.,          10.,          20.
     57,          30.,          10.,          20.
     58,          25.,          10.,          20.
     59,          20.,          10.,          20.
     60,          15.,          10.,          20.
     61,          10.,          10.,          20.
     62,           5.,          10.,          20.
     63,          45.,         -10.,          50.
     64,          40.,         -10.,          50.
     65,          35.,         -10.,          50.
     66,          30.,         -10.,          50.
     67,          25.,         -10.,          50.
     68,          20.,         -10.,          50.
     69,          15.,         -10.,          50.
     70,          10.,         -10.,          50.
     71,           5.,         -10.,          50.
     72,           5.,         -10.,          20.
     73,          10.,         -10.,          20.
     74,          15.,         -10.,          20.
     75,          20.,         -10.,          20.
     76,          25.,         -10.,          20.
     77,          30.,         -10.,          20.
     78,          35.,         -10.,          20.
     79,          40.,         -10.,          20.
     80,          45.,         -10.,          20.
     81,           0.,          10.,          15.
     82,           0.,          10.,          10.
     83,           0.,          10.,           5.
     84,           0.,           5.,           0.
     85,           0.,           0.,           0.
     86,           0.,          -5.,           0.
     87,           0.,         -10.,           5.
     88,           0.,         -10.,          10.
     89,           0.,         -10.,          15.
     90,          50.,          10.,           5.
     91,          50.,          10.,          10.
     92,          50.,          10.,          15.
     93,          50.,          -5.,           0.
     94,          50.,           0.,           0.
     95,          50.,           5.,           0.
     96,          50.,         -10.,          15.
     97,          50.,         -10.,          10.
     98,          50.,         -10.,           5.
     99,           5.,         -10.,           0.
    100,          10.,         -10.,           0.
    101,          15.,         -10.,           0.
    102,          20.,         -10.,           0.
    103,          25.,         -10.,           0.
    104,          30.,         -10.,           0.
    105,          35.,         -10.,           0.
    106,          40.,         -10.,           0.
    107,          45.,         -10.,           0.
    108,          45.,          10.,           0.
    109,          40.,          10.,           0.
    110,          35.,          10.,           0.
    111,          30.,          10.,           0.
    112,          25.,          10.,           0.
    113,          20.,          10.,           0.
    114,          15.,          10.,           0.
    115,          10.,          10.,           0.
    116,           5.,          10.,           0.
    117,           0.,           5.,          25.
    118,           0.,           0.,          25.
    119,           0.,          -5.,          25.
    120,           0.,           5.,          30.
    121,           0.,           0.,          30.
    122,           0.,          -5.,          30.
    123,           0.,           5.,          35.
    124,           0.,           0.,          35.
    125,           0.,          -5.,          35.
    126,           0.,           5.,          40.
    127,           0.,           0.,          40.
    128,           0.,          -5.,          40.
    129,           0.,           5.,          45.
    130,           0.,           0.,          45.
    131,           0.,          -5.,          45.
    132,          50.,           5.,          25.
    133,          50.,           0.,          25.
    134,          50.,          -5.,          25.
    135,          50.,           5.,          30.
    136,          50.,           0.,          30.
    137,          50.,          -5.,          30.
    138,          50.,           5.,          35.
    139,          50.,           0.,          35.
    140,          50.,          -5.,          35.
    141,          50.,           5.,          40.
    142,          50.,           0.,          40.
    143,          50.,          -5.,          40.
    144,          50.,           5.,          45.
    145,          50.,           0.,          45.
    146,          50.,          -5.,          45.
    147,           5.,          10.,          25.
    148,           5.,          10.,          30.
    149,           5.,          10.,          35.
    150,           5.,          10.,          40.
    151,           5.,          10.,          45.
    152,          10.,          10.,          25.
    153,          10.,          10.,          30.
    154,          10.,          10.,          35.
    155,          10.,          10.,          40.
    156,          10.,          10.,          45.
    157,          15.,          10.,          25.
    158,          15.,          10.,          30.
    159,          15.,          10.,          35.
    160,          15.,          10.,          40.
    161,          15.,          10.,          45.
    162,          20.,          10.,          25.
    163,          20.,          10.,          30.
    164,          20.,          10.,          35.
    165,          20.,          10.,          40.
    166,          20.,          10.,          45.
    167,          25.,          10.,          25.
    168,          25.,          10.,          30.
    169,          25.,          10.,          35.
    170,          25.,          10.,          40.
    171,          25.,          10.,          45.
    172,          30.,          10.,          25.
    173,          30.,          10.,          30.
    174,          30.,          10.,          35.
    175,          30.,          10.,          40.
    176,          30.,          10.,          45.
    177,          35.,          10.,          25.
    178,          35.,          10.,          30.
    179,          35.,          10.,          35.
    180,          35.,          10.,          40.
    181,          35.,          10.,          45.
    182,          40.,          10.,          25.
    183,          40.,          10.,          30.
    184,          40.,          10.,          35.
    185,          40.,          10.,          40.
    186,          40.,          10.,          45.
    187,          45.,          10.,          25.
    188,          45.,          10.,          30.
    189,          45.,          10.,          35.
    190,          45.,          10.,          40.
    191,          45.,          10.,          45.
    192,           5.,         -10.,          25.
    193,           5.,         -10.,          30.
    194,           5.,         -10.,          35.
    195,           5.,         -10.,          40.
    196,           5.,         -10.,          45.
    197,          10.,         -10.,          25.
    198,          10.,         -10.,          30.
    199,          10.,         -10.,          35.
    200,          10.,         -10.,          40.
    201,          10.,         -10.,          45.
    202,          15.,         -10.,          25.
    203,          15.,         -10.,          30.
    204,          15.,         -10.,          35.
    205,          15.,         -10.,          40.
    206,          15.,         -10.,          45.
    207,          20.,         -10.,          25.
    208,          20.,         -10.,          30.
    209,          20.,         -10.,          35.
    210,          20.,         -10.,          40.
    211,          20.,         -10.,          45.
    212,          25.,         -10.,          25.
    213,          25.,         -10.,          30.
    214,          25.,         -10.,          35.
    215,          25.,         -10.,          40.
    216,          25.,         -10.,          45.
    217,          30.,         -10.,          25.
    218,          30.,         -10.,          30.
    219,          30.,         -10.,          35.
    220,          30.,         -10.,          40.
    221,          30.,         -10.,          45.
    222,          35.,         -10.,          25.
    223,          35.,         -10.,          30.
    224,          35.,         -10.,          35.
    225,          35.,         -10.,          40.
    226,          35.,         -10.,          45.
    227,          40.,         -10.,          25.
    228,          40.,         -10.,          30.
    229,          40.,         -10.,          35.
    230,          40.,         -10.,          40.
    231,          40.,         -10.,          45.
    232,          45.,         -10.,          25.
    233,          45.,         -10.,          30.
    234,          45.,         -10.,          35.
    235,          45.,         -10.,          40.
    236,          45.,         -10.,          45.
    237,           5.,           5.,          20.
    238,           5.,           0.,          20.
    239,           5.,          -5.,          20.
    240,          10.,           5.,          20.
    241,          10.,           0.,          20.
    242,          10.,          -5.,          20.
    243,          15.,           5.,          20.
    244,          15.,           0.,          20.
    245,          15.,          -5.,          20.
    246,          20.,           5.,          20.
    247,          20.,           0.,          20.
    248,          20.,          -5.,          20.
    249,          25.,           5.,          20.
    250,          25.,           0.,          20.
    251,          25.,          -5.,          20.
    252,          30.,           5.,          20.
    253,          30.,           0.,          20.
    254,          30.,          -5.,          20.
    255,          35.,           5.,          20.
    256,          35.,           0.,          20.
    257,          35.,          -5.,          20.
    258,          40.,           5.,          20.
    259,          40.,           0.,          20.
    260,          40.,          -5.,          20.
    261,          45.,           5.,          20.
    262,          45.,           0.,          20.
    263,          45.,          -5.,          20.
    264,           5.,           5.,          50.
    265,           5.,           0.,          50.
    266,           5.,          -5.,          50.
    267,          10.,           5.,          50.
    268,          10.,           0.,          50.
    269,          10.,          -5.,          50.
    270,          15.,           5.,          50.
    271,          15.,           0.,          50.
    272,          15.,          -5.,          50.
    273,          20.,           5.,          50.
    274,          20.,           0.,          50.
    275,          20.,          -5.,          50.
    276,          25.,           5.,          50.
    277,          25.,           0.,          50.
    278,          25.,          -5.,          50.
    279,          30.,           5.,          50.
    280,          30.,           0.,          50.
    281,          30.,          -5.,          50.
    282,          35.,           5.,          50.
    283,          35.,           0.,          50.
    284,          35.,          -5.,          50.
    285,          40.,           5.,          50.
    286,          40.,           0.,          50.
    287,          40.,          -5.,          50.
    288,          45.,           5.,          50.
    289,          45.,           0.,          50.
    290,          45.,          -5.,          50.
    291,           0.,          -5.,          15.
    292,           0.,           0.,          15.
    293,           0.,           5.,          15.
    294,           0.,          -5.,          10.
    295,           0.,           0.,          10.
    296,           0.,           5.,          10.
    297,           0.,          -5.,           5.
    298,           0.,           0.,           5.
    299,           0.,           5.,           5.
    300,          50.,          -5.,          15.
    301,          50.,           0.,          15.
    302,          50.,           5.,          15.
    303,          50.,          -5.,          10.
    304,          50.,           0.,          10.
    305,          50.,           5.,          10.
    306,          50.,          -5.,           5.
    307,          50.,           0.,           5.
    308,          50.,           5.,           5.
    309,           5.,         -10.,          15.
    310,           5.,         -10.,          10.
    311,           5.,         -10.,           5.
    312,          10.,         -10.,          15.
    313,          10.,         -10.,          10.
    314,          10.,         -10.,           5.
    315,          15.,         -10.,          15.
    316,          15.,         -10.,          10.
    317,          15.,         -10.,           5.
    318,          20.,         -10.,          15.
    319,          20.,         -10.,          10.
    320,          20.,         -10.,           5.
    321,          25.,         -10.,          15.
    322,          25.,         -10.,          10.
    323,          25.,         -10.,           5.
    324,          30.,         -10.,          15.
    325,          30.,         -10.,          10.
    326,          30.,         -10.,           5.
    327,          35.,         -10.,          15.
    328,          35.,         -10.,          10.
    329,          35.,         -10.,           5.
    330,          40.,         -10.,          15.
    331,          40.,         -10.,          10.
    332,          40.,         -10.,           5.
    333,          45.,         -10.,          15.
    334,          45.,         -10.,          10.
    335,          45.,         -10.,           5.
    336,           5.,          10.,          15.
    337,           5.,          10.,          10.
    338,           5.,          10.,           5.
    339,          10.,          10.,          15.
    340,          10.,          10.,          10.
    341,          10.,          10.,           5.
    342,          15.,          10.,          15.
    343,          15.,          10.,          10.
    344,          15.,          10.,           5.
    345,          20.,          10.,          15.
    346,          20.,          10.,          10.
    347,          20.,          10.,           5.
    348,          25.,          10.,          15.
    349,          25.,          10.,          10.
    350,          25.,          10.,           5.
    351,          30.,          10.,          15.
    352,          30.,          10.,          10.
    353,          30.,          10.,           5.
    354,          35.,          10.,          15.
    355,          35.,          10.,          10.
    356,          35.,          10.,           5.
    357,          40.,          10.,          15.
    358,          40.,          10.,          10.
    359,          40.,          10.,           5.
    360,          45.,          10.,          15.
    361,          45.,          10.,          10.
    362,          45.,          10.,           5.
    363,           5.,          -5.,           0.
    364,           5.,           0.,           0.
    365,           5.,           5.,           0.
    366,          10.,          -5.,           0.
    367,          10.,           0.,           0.
    368,          10.,           5.,           0.
    369,          15.,          -5.,           0.
    370,          15.,           0.,           0.
    371,          15.,           5.,           0.
    372,          20.,          -5.,           0.
    373,          20.,           0.,           0.
    374,          20.,           5.,           0.
    375,          25.,          -5.,           0.
    376,          25.,           0.,           0.
    377,          25.,           5.,           0.
    378,          30.,          -5.,           0.
    379,          30.,           0.,           0.
    380,          30.,           5.,           0.
    381,          35.,          -5.,           0.
    382,          35.,           0.,           0.
    383,          35.,           5.,           0.
    384,          40.,          -5.,           0.
    385,          40.,           0.,           0.
    386,          40.,           5.,           0.
    387,          45.,          -5.,           0.
    388,          45.,           0.,           0.
    389,          45.,           5.,           0.
    390,           5.,           5.,          25.
    391,           5.,           0.,          25.
    392,           5.,          -5.,          25.
    393,           5.,           5.,          30.
    394,           5.,           0.,          30.
    395,           5.,          -5.,          30.
    396,           5.,           5.,          35.
    397,           5.,           0.,          35.
    398,           5.,          -5.,          35.
    399,           5.,           5.,          40.
    400,           5.,           0.,          40.
    401,           5.,          -5.,          40.
    402,           5.,           5.,          45.
    403,           5.,           0.,          45.
    404,           5.,          -5.,          45.
    405,          10.,           5.,          25.
    406,          10.,           0.,          25.
    407,          10.,          -5.,          25.
    408,          10.,           5.,          30.
    409,          10.,           0.,          30.
    410,          10.,          -5.,          30.
    411,          10.,           5.,          35.
    412,          10.,           0.,          35.
    413,          10.,          -5.,          35.
    414,          10.,           5.,          40.
    415,          10.,           0.,          40.
    416,          10.,          -5.,          40.
    417,          10.,           5.,          45.
    418,          10.,           0.,          45.
    419,          10.,          -5.,          45.
    420,          15.,           5.,          25.
    421,          15.,           0.,          25.
    422,          15.,          -5.,          25.
    423,          15.,           5.,          30.
    424,          15.,           0.,          30.
    425,          15.,          -5.,          30.
    426,          15.,           5.,          35.
    427,          15.,           0.,          35.
    428,          15.,          -5.,          35.
    429,          15.,           5.,          40.
    430,          15.,           0.,          40.
    431,          15.,          -5.,          40.
    432,          15.,           5.,          45.
    433,          15.,           0.,          45.
    434,          15.,          -5.,          45.
    435,          20.,           5.,          25.
    436,          20.,           0.,          25.
    437,          20.,          -5.,          25.
    438,          20.,           5.,          30.
    439,          20.,           0.,          30.
    440,          20.,          -5.,          30.
    441,          20.,           5.,          35.
    442,          20.,           0.,          35.
    443,          20.,          -5.,          35.
    444,          20.,           5.,          40.
    445,          20.,           0.,          40.
    446,          20.,          -5.,          40.
    447,          20.,           5.,          45.
    448,          20.,           0.,          45.
    449,          20.,          -5.,          45.
    450,          25.,           5.,          25.
    451,          25.,           0.,          25.
    452,          25.,          -5.,          25.
    453,          25.,           5.,          30.
    454,          25.,           0.,          30.
    455,          25.,          -5.,          30.
    456,          25.,           5.,          35.
    457,          25.,           0.,          35.
    458,          25.,          -5.,          35.
    459,          25.,           5.,          40.
    460,          25.,           0.,          40.
    461,          25.,          -5.,          40.
    462,          25.,           5.,          45.
    463,          25.,           0.,          45.
    464,          25.,          -5.,          45.
    465,          30.,           5.,          25.
    466,          30.,           0.,          25.
    467,          30.,          -5.,          25.
    468,          30.,           5.,          30.
    469,          30.,           0.,          30.
    470,          30.,          -5.,          30.
    471,          30.,           5.,          35.
    472,          30.,           0.,          35.
    473,          30.,          -5.,          35.
    474,          30.,           5.,          40.
    475,          30.,           0.,          40.
    476,          30.,          -5.,          40.
    477,          30.,           5.,          45.
    478,          30.,           0.,          45.
    479,          30.,          -5.,          45.
    480,          35.,           5.,          25.
    481,          35.,           0.,          25.
    482,          35.,          -5.,          25.
    483,          35.,           5.,          30.
    484,          35.,           0.,          30.
    485,          35.,          -5.,          30.
    486,          35.,           5.,          35.
    487,          35.,           0.,          35.
    488,          35.,          -5.,          35.
    489,          35.,           5.,          40.
    490,          35.,           0.,          40.
    491,          35.,          -5.,          40.
    492,          35.,           5.,          45.
    493,          35.,           0.,          45.
    494,          35.,          -5.,          45.
    495,          40.,           5.,          25.
    496,          40.,           0.,          25.
    497,          40.,          -5.,          25.
    498,          40.,           5.,          30.
    499,          40.,           0.,          30.
    500,          40.,          -5.,          30.
    501,          40.,           5.,          35.
    502,          40.,           0.,          35.
    503,          40.,          -5.,          35.
    504,          40.,           5.,          40.
    505,          40.,           0.,          40.
    506,          40.,          -5.,          40.
    507,          40.,           5.,          45.
    508,          40.,           0.,          45.
    509,          40.,          -5.,          45.
    510,          45.,           5.,          25.
    511,          45.,           0.,          25.
    512,          45.,          -5.,          25.
    513,          45.,           5.,          30.
    514,          45.,           0.,          30.
    515,          45.,          -5.,          30.
    516,          45.,           5.,          35.
    517,          45.,           0.,          35.
    518,          45.,          -5.,          35.
    519,          45.,           5.,          40.
    520,          45.,           0.,          40.
    521,          45.,          -5.,          40.
    522,          45.,           5.,          45.
    523,          45.,           0.,          45.
    524,          45.,          -5.,          45.
    525,           5.,          -5.,          15.
    526,           5.,           0.,          15.
    527,           5.,           5.,          15.
    528,           5.,          -5.,          10.
    529,           5.,           0.,          10.
    530,           5.,           5.,          10.
    531,           5.,          -5.,           5.
    532,           5.,           0.,           5.
    533,           5.,           5.,           5.
    534,          10.,          -5.,          15.
    535,          10.,           0.,          15.
    536,          10.,           5.,          15.
    537,          10.,          -5.,          10.
    538,          10.,           0.,          10.
    539,          10.,           5.,          10.
    540,          10.,          -5.,           5.
    541,          10.,           0.,           5.
    542,          10.,           5.,           5.
    543,          15.,          -5.,          15.
    544,          15.,           0.,          15.
    545,          15.,           5.,          15.
    546,          15.,          -5.,          10.
    547,          15.,           0.,          10.
    548,          15.,           5.,          10.
    549,          15.,          -5.,           5.
    550,          15.,           0.,           5.
    551,          15.,           5.,           5.
    552,          20.,          -5.,          15.
    553,          20.,           0.,          15.
    554,          20.,           5.,          15.
    555,          20.,          -5.,          10.
    556,          20.,           0.,          10.
    557,          20.,           5.,          10.
    558,          20.,          -5.,           5.
    559,          20.,           0.,           5.
    560,          20.,           5.,           5.
    561,          25.,          -5.,          15.
    562,          25.,           0.,          15.
    563,          25.,           5.,          15.
    564,          25.,          -5.,          10.
    565,          25.,           0.,          10.
    566,          25.,           5.,          10.
    567,          25.,          -5.,           5.
    568,          25.,           0.,           5.
    569,          25.,           5.,           5.
    570,          30.,          -5.,          15.
    571,          30.,           0.,          15.
    572,          30.,           5.,          15.
    573,          30.,          -5.,          10.
    574,          30.,           0.,          10.
    575,          30.,           5.,          10.
    576,          30.,          -5.,           5.
    577,          30.,           0.,           5.
    578,          30.,           5.,           5.
    579,          35.,          -5.,          15.
    580,          35.,           0.,          15.
    581,          35.,           5.,          15.
    582,          35.,          -5.,          10.
    583,          35.,           0.,          10.
    584,          35.,           5.,          10.
    585,          35.,          -5.,           5.
    586,          35.,           0.,           5.
    587,          35.,           5.,           5.
    588,          40.,          -5.,          15.
    589,          40.,           0.,          15.
    590,          40.,           5.,          15.
    591,          40.,          -5.,          10.
    592,          40.,           0.,          10.
    593,          40.,           5.,          10.
    594,          40.,          -5.,           5.
    595,          40.,           0.,           5.
    596,          40.,           5.,           5.
    597,          45.,          -5.,          15.
    598,          45.,           0.,          15.
    599,          45.,           5.,          15.
    600,          45.,          -5.,          10.
    601,          45.,           0.,          10.
    602,          45.,           5.,          10.
    603,          45.,          -5.,           5.
    604,          45.,           0.,           5.
    605,          45.,           5.,           5.
*Element, type=C3D8R
  1,  62, 237, 390, 147,   1,  13, 117,  28
  2, 237, 238, 391, 390,  13,  14, 118, 117
  3, 238, 239, 392, 391,  14,  15, 119, 118
  4, 239,  72, 192, 392,  15,   2,  16, 119
  5, 147, 390, 393, 148,  28, 117, 120,  27
  6, 390, 391, 394, 393, 117, 118, 121, 120
  7, 391, 392, 395, 394, 118, 119, 122, 121
  8, 392, 192, 193, 395, 119,  16,  17, 122
  9, 148, 393, 396, 149,  27, 120, 123,  26
 10, 393, 394, 397, 396, 120, 121, 124, 123
 11, 394, 395, 398, 397, 121, 122, 125, 124
 12, 395, 193, 194, 398, 122,  17,  18, 125
 13, 149, 396, 399, 150,  26, 123, 126,  25
 14, 396, 397, 400, 399, 123, 124, 127, 126
 15, 397, 398, 401, 400, 124, 125, 128, 127
 16, 398, 194, 195, 401, 125,  18,  19, 128
 17, 150, 399, 402, 151,  25, 126, 129,  24
 18, 399, 400, 403, 402, 126, 127, 130, 129
 19, 400, 401, 404, 403, 127, 128, 131, 130
 20, 401, 195, 196, 404, 128,  19,  20, 131
 21, 151, 402, 264,  45,  24, 129,  23,   4
 22, 402, 403, 265, 264, 129, 130,  22,  23
 23, 403, 404, 266, 265, 130, 131,  21,  22
 24, 404, 196,  71, 266, 131,  20,   3,  21
 25,  61, 240, 405, 152,  62, 237, 390, 147
 26, 240, 241, 406, 405, 237, 238, 391, 390
 27, 241, 242, 407, 406, 238, 239, 392, 391
 28, 242,  73, 197, 407, 239,  72, 192, 392
 29, 152, 405, 408, 153, 147, 390, 393, 148
 30, 405, 406, 409, 408, 390, 391, 394, 393
 31, 406, 407, 410, 409, 391, 392, 395, 394
 32, 407, 197, 198, 410, 392, 192, 193, 395
 33, 153, 408, 411, 154, 148, 393, 396, 149
 34, 408, 409, 412, 411, 393, 394, 397, 396
 35, 409, 410, 413, 412, 394, 395, 398, 397
 36, 410, 198, 199, 413, 395, 193, 194, 398
 37, 154, 411, 414, 155, 149, 396, 399, 150
 38, 411, 412, 415, 414, 396, 397, 400, 399
 39, 412, 413, 416, 415, 397, 398, 401, 400
 40, 413, 199, 200, 416, 398, 194, 195, 401
 41, 155, 414, 417, 156, 150, 399, 402, 151
 42, 414, 415, 418, 417, 399, 400, 403, 402
 43, 415, 416, 419, 418, 400, 401, 404, 403
 44, 416, 200, 201, 419, 401, 195, 196, 404
 45, 156, 417, 267,  46, 151, 402, 264,  45
 46, 417, 418, 268, 267, 402, 403, 265, 264
 47, 418, 419, 269, 268, 403, 404, 266, 265
 48, 419, 201,  70, 269, 404, 196,  71, 266
 49,  60, 243, 420, 157,  61, 240, 405, 152
 50, 243, 244, 421, 420, 240, 241, 406, 405
 51, 244, 245, 422, 421, 241, 242, 407, 406
 52, 245,  74, 202, 422, 242,  73, 197, 407
 53, 157, 420, 423, 158, 152, 405, 408, 153
 54, 420, 421, 424, 423, 405, 406, 409, 408
 55, 421, 422, 425, 424, 406, 407, 410, 409
 56, 422, 202, 203, 425, 407, 197, 198, 410
 57, 158, 423, 426, 159, 153, 408, 411, 154
 58, 423, 424, 427, 426, 408, 409, 412, 411
 59, 424, 425, 428, 427, 409, 410, 413, 412
 60, 425, 203, 204, 428, 410, 198, 199, 413
 61, 159, 426, 429, 160, 154, 411, 414, 155
 62, 426, 427, 430, 429, 411, 412, 415, 414
 63, 427, 428, 431, 430, 412, 413, 416, 415
 64, 428, 204, 205, 431, 413, 199, 200, 416
 65, 160, 429, 432, 161, 155, 414, 417, 156
 66, 429, 430, 433, 432, 414, 415, 418, 417
 67, 430, 431, 434, 433, 415, 416, 419, 418
 68, 431, 205, 206, 434, 416, 200, 201, 419
 69, 161, 432, 270,  47, 156, 417, 267,  46
 70, 432, 433, 271, 270, 417, 418, 268, 267
 71, 433, 434, 272, 271, 418, 419, 269, 268
 72, 434, 206,  69, 272, 419, 201,  70, 269
 73,  59, 246, 435, 162,  60, 243, 420, 157
 74, 246, 247, 436, 435, 243, 244, 421, 420
 75, 247, 248, 437, 436, 244, 245, 422, 421
 76, 248,  75, 207, 437, 245,  74, 202, 422
 77, 162, 435, 438, 163, 157, 420, 423, 158
 78, 435, 436, 439, 438, 420, 421, 424, 423
 79, 436, 437, 440, 439, 421, 422, 425, 424
 80, 437, 207, 208, 440, 422, 202, 203, 425
 81, 163, 438, 441, 164, 158, 423, 426, 159
 82, 438, 439, 442, 441, 423, 424, 427, 426
 83, 439, 440, 443, 442, 424, 425, 428, 427
 84, 440, 208, 209, 443, 425, 203, 204, 428
 85, 164, 441, 444, 165, 159, 426, 429, 160
 86, 441, 442, 445, 444, 426, 427, 430, 429
 87, 442, 443, 446, 445, 427, 428, 431, 430
 88, 443, 209, 210, 446, 428, 204, 205, 431
 89, 165, 444, 447, 166, 160, 429, 432, 161
 90, 444, 445, 448, 447, 429, 430, 433, 432
 91, 445, 446, 449, 448, 430, 431, 434, 433
 92, 446, 210, 211, 449, 431, 205, 206, 434
 93, 166, 447, 273,  48, 161, 432, 270,  47
 94, 447, 448, 274, 273, 432, 433, 271, 270
 95, 448, 449, 275, 274, 433, 434, 272, 271
 96, 449, 211,  68, 275, 434, 206,  69, 272
 97,  58, 249, 450, 167,  59, 246, 435, 162
 98, 249, 250, 451, 450, 246, 247, 436, 435
 99, 250, 251, 452, 451, 247, 248, 437, 436
100, 251,  76, 212, 452, 248,  75, 207, 437
101, 167, 450, 453, 168, 162, 435, 438, 163
102, 450, 451, 454, 453, 435, 436, 439, 438
103, 451, 452, 455, 454, 436, 437, 440, 439
104, 452, 212, 213, 455, 437, 207, 208, 440
105, 168, 453, 456, 169, 163, 438, 441, 164
106, 453, 454, 457, 456, 438, 439, 442, 441
107, 454, 455, 458, 457, 439, 440, 443, 442
108, 455, 213, 214, 458, 440, 208, 209, 443
109, 169, 456, 459, 170, 164, 441, 444, 165
110, 456, 457, 460, 459, 441, 442, 445, 444
111, 457, 458, 461, 460, 442, 443, 446, 445
112, 458, 214, 215, 461, 443, 209, 210, 446
113, 170, 459, 462, 171, 165, 444, 447, 166
114, 459, 460, 463, 462, 444, 445, 448, 447
115, 460, 461, 464, 463, 445, 446, 449, 448
116, 461, 215, 216, 464, 446, 210, 211, 449
117, 171, 462, 276,  49, 166, 447, 273,  48
118, 462, 463, 277, 276, 447, 448, 274, 273
119, 463, 464, 278, 277, 448, 449, 275, 274
120, 464, 216,  67, 278, 449, 211,  68, 275
121,  57, 252, 465, 172,  58, 249, 450, 167
122, 252, 253, 466, 465, 249, 250, 451, 450
123, 253, 254, 467, 466, 250, 251, 452, 451
124, 254,  77, 217, 467, 251,  76, 212, 452
125, 172, 465, 468, 173, 167, 450, 453, 168
126, 465, 466, 469, 468, 450, 451, 454, 453
127, 466, 467, 470, 469, 451, 452, 455, 454
128, 467, 217, 218, 470, 452, 212, 213, 455
129, 173, 468, 471, 174, 168, 453, 456, 169
130, 468, 469, 472, 471, 453, 454, 457, 456
131, 469, 470, 473, 472, 454, 455, 458, 457
132, 470, 218, 219, 473, 455, 213, 214, 458
133, 174, 471, 474, 175, 169, 456, 459, 170
134, 471, 472, 475, 474, 456, 457, 460, 459
135, 472, 473, 476, 475, 457, 458, 461, 460
136, 473, 219, 220, 476, 458, 214, 215, 461
137, 175, 474, 477, 176, 170, 459, 462, 171
138, 474, 475, 478, 477, 459, 460, 463, 462
139, 475, 476, 479, 478, 460, 461, 464, 463
140, 476, 220, 221, 479, 461, 215, 216, 464
141, 176, 477, 279,  50, 171, 462, 276,  49
142, 477, 478, 280, 279, 462, 463, 277, 276
143, 478, 479, 281, 280, 463, 464, 278, 277
144, 479, 221,  66, 281, 464, 216,  67, 278
145,  56, 255, 480, 177,  57, 252, 465, 172
146, 255, 256, 481, 480, 252, 253, 466, 465
147, 256, 257, 482, 481, 253, 254, 467, 466
148, 257,  78, 222, 482, 254,  77, 217, 467
149, 177, 480, 483, 178, 172, 465, 468, 173
150, 480, 481, 484, 483, 465, 466, 469, 468
151, 481, 482, 485, 484, 466, 467, 470, 469
152, 482, 222, 223, 485, 467, 217, 218, 470
153, 178, 483, 486, 179, 173, 468, 471, 174
154, 483, 484, 487, 486, 468, 469, 472, 471
155, 484, 485, 488, 487, 469, 470, 473, 472
156, 485, 223, 224, 488, 470, 218, 219, 473
157, 179, 486, 489, 180, 174, 471, 474, 175
158, 486, 487, 490, 489, 471, 472, 475, 474
159, 487, 488, 491, 490, 472, 473, 476, 475
160, 488, 224, 225, 491, 473, 219, 220, 476
161, 180, 489, 492, 181, 175, 474, 477, 176
162, 489, 490, 493, 492, 474, 475, 478, 477
163, 490, 491, 494, 493, 475, 476, 479, 478
164, 491, 225, 226, 494, 476, 220, 221, 479
165, 181, 492, 282,  51, 176, 477, 279,  50
166, 492, 493, 283, 282, 477, 478, 280, 279
167, 493, 494, 284, 283, 478, 479, 281, 280
168, 494, 226,  65, 284, 479, 221,  66, 281
169,  55, 258, 495, 182,  56, 255, 480, 177
170, 258, 259, 496, 495, 255, 256, 481, 480
171, 259, 260, 497, 496, 256, 257, 482, 481
172, 260,  79, 227, 497, 257,  78, 222, 482
173, 182, 495, 498, 183, 177, 480, 483, 178
174, 495, 496, 499, 498, 480, 481, 484, 483
175, 496, 497, 500, 499, 481, 482, 485, 484
176, 497, 227, 228, 500, 482, 222, 223, 485
177, 183, 498, 501, 184, 178, 483, 486, 179
178, 498, 499, 502, 501, 483, 484, 487, 486
179, 499, 500, 503, 502, 484, 485, 488, 487
180, 500, 228, 229, 503, 485, 223, 224, 488
181, 184, 501, 504, 185, 179, 486, 489, 180
182, 501, 502, 505, 504, 486, 487, 490, 489
183, 502, 503, 506, 505, 487, 488, 491, 490
184, 503, 229, 230, 506, 488, 224, 225, 491
185, 185, 504, 507, 186, 180, 489, 492, 181
186, 504, 505, 508, 507, 489, 490, 493, 492
187, 505, 506, 509, 508, 490, 491, 494, 493
188, 506, 230, 231, 509, 491, 225, 226, 494
189, 186, 507, 285,  52, 181, 492, 282,  51
190, 507, 508, 286, 285, 492, 493, 283, 282
191, 508, 509, 287, 286, 493, 494, 284, 283
192, 509, 231,  64, 287, 494, 226,  65, 284
193,  54, 261, 510, 187,  55, 258, 495, 182
194, 261, 262, 511, 510, 258, 259, 496, 495
195, 262, 263, 512, 511, 259, 260, 497, 496
196, 263,  80, 232, 512, 260,  79, 227, 497
197, 187, 510, 513, 188, 182, 495, 498, 183
198, 510, 511, 514, 513, 495, 496, 499, 498
199, 511, 512, 515, 514, 496, 497, 500, 499
200, 512, 232, 233, 515, 497, 227, 228, 500
201, 188, 513, 516, 189, 183, 498, 501, 184
202, 513, 514, 517, 516, 498, 499, 502, 501
203, 514, 515, 518, 517, 499, 500, 503, 502
204, 515, 233, 234, 518, 500, 228, 229, 503
205, 189, 516, 519, 190, 184, 501, 504, 185
206, 516, 517, 520, 519, 501, 502, 505, 504
207, 517, 518, 521, 520, 502, 503, 506, 505
208, 518, 234, 235, 521, 503, 229, 230, 506
209, 190, 519, 522, 191, 185, 504, 507, 186
210, 519, 520, 523, 522, 504, 505, 508, 507
211, 520, 521, 524, 523, 505, 506, 509, 508
212, 521, 235, 236, 524, 506, 230, 231, 509
213, 191, 522, 288,  53, 186, 507, 285,  52
214, 522, 523, 289, 288, 507, 508, 286, 285
215, 523, 524, 290, 289, 508, 509, 287, 286
216, 524, 236,  63, 290, 509, 231,  64, 287
217,   8,  31, 132,  40,  54, 261, 510, 187
218,  31,  30, 133, 132, 261, 262, 511, 510
219,  30,  29, 134, 133, 262, 263, 512, 511
220,  29,   5,  36, 134, 263,  80, 232, 512
221,  40, 132, 135,  41, 187, 510, 513, 188
222, 132, 133, 136, 135, 510, 511, 514, 513
223, 133, 134, 137, 136, 511, 512, 515, 514
224, 134,  36,  35, 137, 512, 232, 233, 515
225,  41, 135, 138,  42, 188, 513, 516, 189
226, 135, 136, 139, 138, 513, 514, 517, 516
227, 136, 137, 140, 139, 514, 515, 518, 517
228, 137,  35,  34, 140, 515, 233, 234, 518
229,  42, 138, 141,  43, 189, 516, 519, 190
230, 138, 139, 142, 141, 516, 517, 520, 519
231, 139, 140, 143, 142, 517, 518, 521, 520
232, 140,  34,  33, 143, 518, 234, 235, 521
233,  43, 141, 144,  44, 190, 519, 522, 191
234, 141, 142, 145, 144, 519, 520, 523, 522
235, 142, 143, 146, 145, 520, 521, 524, 523
236, 143,  33,  32, 146, 521, 235, 236, 524
237,  44, 144,  37,   7, 191, 522, 288,  53
238, 144, 145,  38,  37, 522, 523, 289, 288
239, 145, 146,  39,  38, 523, 524, 290, 289
240, 146,  32,   6,  39, 524, 236,  63, 290
241,  72, 239, 525, 309,   2,  15, 291,  89
242, 239, 238, 526, 525,  15,  14, 292, 291
243, 238, 237, 527, 526,  14,  13, 293, 292
244, 237,  62, 336, 527,  13,   1,  81, 293
245, 309, 525, 528, 310,  89, 291, 294,  88
246, 525, 526, 529, 528, 291, 292, 295, 294
247, 526, 527, 530, 529, 292, 293, 296, 295
248, 527, 336, 337, 530, 293,  81,  82, 296
249, 310, 528, 531, 311,  88, 294, 297,  87
250, 528, 529, 532, 531, 294, 295, 298, 297
251, 529, 530, 533, 532, 295, 296, 299, 298
252, 530, 337, 338, 533, 296,  82,  83, 299
253, 311, 531, 363,  99,  87, 297,  86,  10
254, 531, 532, 364, 363, 297, 298,  85,  86
255, 532, 533, 365, 364, 298, 299,  84,  85
256, 533, 338, 116, 365, 299,  83,   9,  84
257,  73, 242, 534, 312,  72, 239, 525, 309
258, 242, 241, 535, 534, 239, 238, 526, 525
259, 241, 240, 536, 535, 238, 237, 527, 526
260, 240,  61, 339, 536, 237,  62, 336, 527
261, 312, 534, 537, 313, 309, 525, 528, 310
262, 534, 535, 538, 537, 525, 526, 529, 528
263, 535, 536, 539, 538, 526, 527, 530, 529
264, 536, 339, 340, 539, 527, 336, 337, 530
265, 313, 537, 540, 314, 310, 528, 531, 311
266, 537, 538, 541, 540, 528, 529, 532, 531
267, 538, 539, 542, 541, 529, 530, 533, 532
268, 539, 340, 341, 542, 530, 337, 338, 533
269, 314, 540, 366, 100, 311, 531, 363,  99
270, 540, 541, 367, 366, 531, 532, 364, 363
271, 541, 542, 368, 367, 532, 533, 365, 364
272, 542, 341, 115, 368, 533, 338, 116, 365
273,  74, 245, 543, 315,  73, 242, 534, 312
274, 245, 244, 544, 543, 242, 241, 535, 534
275, 244, 243, 545, 544, 241, 240, 536, 535
276, 243,  60, 342, 545, 240,  61, 339, 536
277, 315, 543, 546, 316, 312, 534, 537, 313
278, 543, 544, 547, 546, 534, 535, 538, 537
279, 544, 545, 548, 547, 535, 536, 539, 538
280, 545, 342, 343, 548, 536, 339, 340, 539
281, 316, 546, 549, 317, 313, 537, 540, 314
282, 546, 547, 550, 549, 537, 538, 541, 540
283, 547, 548, 551, 550, 538, 539, 542, 541
284, 548, 343, 344, 551, 539, 340, 341, 542
285, 317, 549, 369, 101, 314, 540, 366, 100
286, 549, 550, 370, 369, 540, 541, 367, 366
287, 550, 551, 371, 370, 541, 542, 368, 367
288, 551, 344, 114, 371, 542, 341, 115, 368
289,  75, 248, 552, 318,  74, 245, 543, 315
290, 248, 247, 553, 552, 245, 244, 544, 543
291, 247, 246, 554, 553, 244, 243, 545, 544
292, 246,  59, 345, 554, 243,  60, 342, 545
293, 318, 552, 555, 319, 315, 543, 546, 316
294, 552, 553, 556, 555, 543, 544, 547, 546
295, 553, 554, 557, 556, 544, 545, 548, 547
296, 554, 345, 346, 557, 545, 342, 343, 548
297, 319, 555, 558, 320, 316, 546, 549, 317
298, 555, 556, 559, 558, 546, 547, 550, 549
299, 556, 557, 560, 559, 547, 548, 551, 550
300, 557, 346, 347, 560, 548, 343, 344, 551
301, 320, 558, 372, 102, 317, 549, 369, 101
302, 558, 559, 373, 372, 549, 550, 370, 369
303, 559, 560, 374, 373, 550, 551, 371, 370
304, 560, 347, 113, 374, 551, 344, 114, 371
305,  76, 251, 561, 321,  75, 248, 552, 318
306, 251, 250, 562, 561, 248, 247, 553, 552
307, 250, 249, 563, 562, 247, 246, 554, 553
308, 249,  58, 348, 563, 246,  59, 345, 554
309, 321, 561, 564, 322, 318, 552, 555, 319
310, 561, 562, 565, 564, 552, 553, 556, 555
311, 562, 563, 566, 565, 553, 554, 557, 556
312, 563, 348, 349, 566, 554, 345, 346, 557
313, 322, 564, 567, 323, 319, 555, 558, 320
314, 564, 565, 568, 567, 555, 556, 559, 558
315, 565, 566, 569, 568, 556, 557, 560, 559
316, 566, 349, 350, 569, 557, 346, 347, 560
317, 323, 567, 375, 103, 320, 558, 372, 102
318, 567, 568, 376, 375, 558, 559, 373, 372
319, 568, 569, 377, 376, 559, 560, 374, 373
320, 569, 350, 112, 377, 560, 347, 113, 374
321,  77, 254, 570, 324,  76, 251, 561, 321
322, 254, 253, 571, 570, 251, 250, 562, 561
323, 253, 252, 572, 571, 250, 249, 563, 562
324, 252,  57, 351, 572, 249,  58, 348, 563
325, 324, 570, 573, 325, 321, 561, 564, 322
326, 570, 571, 574, 573, 561, 562, 565, 564
327, 571, 572, 575, 574, 562, 563, 566, 565
328, 572, 351, 352, 575, 563, 348, 349, 566
329, 325, 573, 576, 326, 322, 564, 567, 323
330, 573, 574, 577, 576, 564, 565, 568, 567
331, 574, 575, 578, 577, 565, 566, 569, 568
332, 575, 352, 353, 578, 566, 349, 350, 569
333, 326, 576, 378, 104, 323, 567, 375, 103
334, 576, 577, 379, 378, 567, 568, 376, 375
335, 577, 578, 380, 379, 568, 569, 377, 376
336, 578, 353, 111, 380, 569, 350, 112, 377
337,  78, 257, 579, 327,  77, 254, 570, 324
338, 257, 256, 580, 579, 254, 253, 571, 570
339, 256, 255, 581, 580, 253, 252, 572, 571
340, 255,  56, 354, 581, 252,  57, 351, 572
341, 327, 579, 582, 328, 324, 570, 573, 325
342, 579, 580, 583, 582, 570, 571, 574, 573
343, 580, 581, 584, 583, 571, 572, 575, 574
344, 581, 354, 355, 584, 572, 351, 352, 575
345, 328, 582, 585, 329, 325, 573, 576, 326
346, 582, 583, 586, 585, 573, 574, 577, 576
347, 583, 584, 587, 586, 574, 575, 578, 577
348, 584, 355, 356, 587, 575, 352, 353, 578
349, 329, 585, 381, 105, 326, 576, 378, 104
350, 585, 586, 382, 381, 576, 577, 379, 378
351, 586, 587, 383, 382, 577, 578, 380, 379
352, 587, 356, 110, 383, 578, 353, 111, 380
353,  79, 260, 588, 330,  78, 257, 579, 327
354, 260, 259, 589, 588, 257, 256, 580, 579
355, 259, 258, 590, 589, 256, 255, 581, 580
356, 258,  55, 357, 590, 255,  56, 354, 581
357, 330, 588, 591, 331, 327, 579, 582, 328
358, 588, 589, 592, 591, 579, 580, 583, 582
359, 589, 590, 593, 592, 580, 581, 584, 583
360, 590, 357, 358, 593, 581, 354, 355, 584
361, 331, 591, 594, 332, 328, 582, 585, 329
362, 591, 592, 595, 594, 582, 583, 586, 585
363, 592, 593, 596, 595, 583, 584, 587, 586
364, 593, 358, 359, 596, 584, 355, 356, 587
365, 332, 594, 384, 106, 329, 585, 381, 105
366, 594, 595, 385, 384, 585, 586, 382, 381
367, 595, 596, 386, 385, 586, 587, 383, 382
368, 596, 359, 109, 386, 587, 356, 110, 383
369,  80, 263, 597, 333,  79, 260, 588, 330
370, 263, 262, 598, 597, 260, 259, 589, 588
371, 262, 261, 599, 598, 259, 258, 590, 589
372, 261,  54, 360, 599, 258,  55, 357, 590
373, 333, 597, 600, 334, 330, 588, 591, 331
374, 597, 598, 601, 600, 588, 589, 592, 591
375, 598, 599, 602, 601, 589, 590, 593, 592
376, 599, 360, 361, 602, 590, 357, 358, 593
377, 334, 600, 603, 335, 331, 591, 594, 332
378, 600, 601, 604, 603, 591, 592, 595, 594
379, 601, 602, 605, 604, 592, 593, 596, 595
380, 602, 361, 362, 605, 593, 358, 359, 596
381, 335, 603, 387, 107, 332, 594, 384, 106
382, 603, 604, 388, 387, 594, 595, 385, 384
383, 604, 605, 389, 388, 595, 596, 386, 385
384, 605, 362, 108, 389, 596, 359, 109, 386
385,   5,  29, 300,  96,  80, 263, 597, 333
386,  29,  30, 301, 300, 263, 262, 598, 597
387,  30,  31, 302, 301, 262, 261, 599, 598
388,  31,   8,  92, 302, 261,  54, 360, 599
389,  96, 300, 303,  97, 333, 597, 600, 334
390, 300, 301, 304, 303, 597, 598, 601, 600
391, 301, 302, 305, 304, 598, 599, 602, 601
392, 302,  92,  91, 305, 599, 360, 361, 602
393,  97, 303, 306,  98, 334, 600, 603, 335
394, 303, 304, 307, 306, 600, 601, 604, 603
395, 304, 305, 308, 307, 601, 602, 605, 604
396, 305,  91,  90, 308, 602, 361, 362, 605
397,  98, 306,  93,  12, 335, 603, 387, 107
398, 306, 307,  94,  93, 603, 604, 388, 387
399, 307, 308,  95,  94, 604, 605, 389, 388
400, 308,  90,  11,  95, 605, 362, 108, 389
*Nset, nset=_PickedSet2, internal, generate
   1,  605,    1
*Elset, elset=_PickedSet2, internal, generate
   1,  400,    1
** Section: Section-RiverBank
*Solid Section, elset=_PickedSet2, material=Granite
,
*End Part
**  