Generated by: Abaqus/CAE 2021  eletype:B31
11   1   1   1
1   1   1   1   1   1   1   0.0000   0.0000   0.0000
2   0   0   0   0   0   0   4.0000   0.0000   0.0000
3   0   0   0   0   0   0   8.0000   0.0000   0.0000
4   0   0   0   0   0   0   12.0000   0.0000   0.0000
5   0   0   0   0   0   0   16.0000   0.0000   0.0000
6   0   0   0   0   0   0   20.0000   0.0000   0.0000
7   0   0   0   0   0   0   24.0000   0.0000   0.0000
8   0   0   0   0   0   0   28.0000   0.0000   0.0000
9   0   0   0   0   0   0   32.0000   0.0000   0.0000
10   0   0   0   0   0   0   36.0000   0.0000   0.0000
11   0   0   0   0   0   0   40.0000   0.0000   0.0000
1   1
11   2   -20.0000
5   10   1
1   200000.0000   0.3000
1   1   2   1
2   2   3   1
3   3   4   1
4   4   5   1
5   5   6   1
6   6   7   1
7   7   8   1
8   8   9   1
9   9   10   1
10   10   11   1
