Generated by: Abaqus/CAE 2021  eletype:CPS4
77   1   1   1
1   0   0   1   0.0000   0.0000   0.0000
2   0   0   1   2.5000   1.0000   0.0000
3   0   0   1   5.0000   2.0000   0.0000
4   0   0   1   7.5000   3.0000   0.0000
5   0   0   1   10.0000   4.0000   0.0000
6   0   0   1   12.5000   5.0000   0.0000
7   0   0   1   15.0000   6.0000   0.0000
8   0   0   1   17.5000   7.0000   0.0000
9   0   0   1   20.0000   8.0000   0.0000
10   0   0   1   22.5000   9.0000   0.0000
11   0   0   1   25.0000   10.0000   0.0000
12   0   0   1   0.0000   3.5417   0.0000
13   0   0   1   2.5000   4.3750   0.0000
14   0   0   1   5.0000   5.2083   0.0000
15   0   0   1   7.5000   6.0417   0.0000
16   0   0   1   10.0000   6.8750   0.0000
17   0   0   1   12.5000   7.7083   0.0000
18   0   0   1   15.0000   8.5417   0.0000
19   0   0   1   17.5000   9.3750   0.0000
20   0   0   1   20.0000   10.2083   0.0000
21   0   0   1   22.5000   11.0417   0.0000
22   0   0   1   25.0000   11.8750   0.0000
23   0   0   1   0.0000   7.0833   0.0000
24   0   0   1   2.5000   7.7500   0.0000
25   0   0   1   5.0000   8.4167   0.0000
26   0   0   1   7.5000   9.0833   0.0000
27   0   0   1   10.0000   9.7500   0.0000
28   0   0   1   12.5000   10.4167   0.0000
29   0   0   1   15.0000   11.0833   0.0000
30   0   0   1   17.5000   11.7500   0.0000
31   0   0   1   20.0000   12.4167   0.0000
32   0   0   1   22.5000   13.0833   0.0000
33   0   0   1   25.0000   13.7500   0.0000
34   0   0   1   0.0000   10.6250   0.0000
35   0   0   1   2.5000   11.1250   0.0000
36   0   0   1   5.0000   11.6250   0.0000
37   0   0   1   7.5000   12.1250   0.0000
38   0   0   1   10.0000   12.6250   0.0000
39   0   0   1   12.5000   13.1250   0.0000
40   0   0   1   15.0000   13.6250   0.0000
41   0   0   1   17.5000   14.1250   0.0000
42   0   0   1   20.0000   14.6250   0.0000
43   0   0   1   22.5000   15.1250   0.0000
44   0   0   1   25.0000   15.6250   0.0000
45   0   0   1   0.0000   14.1667   0.0000
46   0   0   1   2.5000   14.5000   0.0000
47   0   0   1   5.0000   14.8333   0.0000
48   0   0   1   7.5000   15.1667   0.0000
49   0   0   1   10.0000   15.5000   0.0000
50   0   0   1   12.5000   15.8333   0.0000
51   0   0   1   15.0000   16.1667   0.0000
52   0   0   1   17.5000   16.5000   0.0000
53   0   0   1   20.0000   16.8333   0.0000
54   0   0   1   22.5000   17.1667   0.0000
55   0   0   1   25.0000   17.5000   0.0000
56   0   0   1   0.0000   17.7083   0.0000
57   0   0   1   2.5000   17.8750   0.0000
58   0   0   1   5.0000   18.0417   0.0000
59   0   0   1   7.5000   18.2083   0.0000
60   0   0   1   10.0000   18.3750   0.0000
61   0   0   1   12.5000   18.5417   0.0000
62   0   0   1   15.0000   18.7083   0.0000
63   0   0   1   17.5000   18.8750   0.0000
64   0   0   1   20.0000   19.0417   0.0000
65   0   0   1   22.5000   19.2083   0.0000
66   0   0   1   25.0000   19.3750   0.0000
67   0   0   1   0.0000   21.2500   0.0000
68   0   0   1   2.5000   21.2500   0.0000
69   0   0   1   5.0000   21.2500   0.0000
70   0   0   1   7.5000   21.2500   0.0000
71   0   0   1   10.0000   21.2500   0.0000
72   0   0   1   12.5000   21.2500   0.0000
73   0   0   1   15.0000   21.2500   0.0000
74   0   0   1   17.5000   21.2500   0.0000
75   0   0   1   20.0000   21.2500   0.0000
76   0   0   1   22.5000   21.2500   0.0000
77   0   0   1   25.0000   21.2500   0.0000
1   2
11   2   -20.0000
77   1   10.0000
2   60   1
1   200000.0000   1.5500
1   1   2   13   12   1
2   2   3   14   13   1
3   3   4   15   14   1
4   4   5   16   15   1
5   5   6   17   16   1
6   6   7   18   17   1
7   7   8   19   18   1
8   8   9   20   19   1
9   9   10   21   20   1
10   10   11   22   21   1
11   12   13   24   23   1
12   13   14   25   24   1
13   14   15   26   25   1
14   15   16   27   26   1
15   16   17   28   27   1
16   17   18   29   28   1
17   18   19   30   29   1
18   19   20   31   30   1
19   20   21   32   31   1
20   21   22   33   32   1
21   23   24   35   34   1
22   24   25   36   35   1
23   25   26   37   36   1
24   26   27   38   37   1
25   27   28   39   38   1
26   28   29   40   39   1
27   29   30   41   40   1
28   30   31   42   41   1
29   31   32   43   42   1
30   32   33   44   43   1
31   34   35   46   45   1
32   35   36   47   46   1
33   36   37   48   47   1
34   37   38   49   48   1
35   38   39   50   49   1
36   39   40   51   50   1
37   40   41   52   51   1
38   41   42   53   52   1
39   42   43   54   53   1
40   43   44   55   54   1
41   45   46   57   56   1
42   46   47   58   57   1
43   47   48   59   58   1
44   48   49   60   59   1
45   49   50   61   60   1
46   50   51   62   61   1
47   51   52   63   62   1
48   52   53   64   63   1
49   53   54   65   64   1
50   54   55   66   65   1
51   56   57   68   67   1
52   57   58   69   68   1
53   58   59   70   69   1
54   59   60   71   70   1
55   60   61   72   71   1
56   61   62   73   72   1
57   62   63   74   73   1
58   63   64   75   74   1
59   64   65   76   75   1
60   65   66   77   76   1
