A test of CPS4 units
  25 1 1 1
  1 1 1 1 1 1 1  0 0  0
  2 1 1 1 1 1 1  2.5 0  0
  3 1 1 1 1 1 1  5. 0 0
  4 1 1 1 1 1 1  7.5 0 0
  5 1 1 1 1 1 1  10 .0 0
  6 1 1 1 1 1 1  0 2.5 0
  7 0 0 0 0 0 1  2.5 2.5 0
  8 0 0 0 0 0 1  5. 2.5 0
  9 0 0 0 0 0 1  7.5 2.5 0
 10 1 1 1 1 1 1 10.  2.5 0
 11 1 1 1 1 1 1  0    5.  0
 12 0 0 0 0 0 1  2.5 5. 0
 13 0 0 0 0 0 1  5.   5.  0
 14 0 0 0 0 0 1  7.5 5. 0
 15 0 0 1 1 1 1  10. 5. 0
 16 1 1 1 1 1 1   0  7.5 0
 17 0 0 0 0 0 1   2.5 7.5 0
 18 0 0 0 0 0 1   5. 7.5 0
 19 0 0 0 0 0 1   7.5 7.5 0
 20 1 1 1 1 1 1   10. 7.5 0
 21 1 1 1 1 1 1    0 10. 0
 22 1 1 1 1 1 1  2.5 10. 0
 23 1 1 1 1 1 1  5. 10. 0
 24 1 1 1 1 1 1  7.5 10. 0
 25 1 1 1 1 1 1  10. 10. 0
  1 1
  13 3 -10
  7 16 1
  1 1E9 1.0 0 1   
  1 1 2 7 6 1
  2 2 3 8 7 1
  3 3 4 9 8 1
  4 4 5 10 9 1  
  5 6 7 12 11 1
  6 7 8 13 12 1
  7 8 9 14 13 1
  8 9 10 15 14 1
  9 11 12 17 16 1
 10 12 13 18 17 1
 11 13 14 19 18 1
 12 14 15 20 19 1
 13 16 17 22 21 1
 14 17 18 23 22 1
 15 18 19 24 23 1
 16 19 20 25 24 1
stop
