A test of CPS4 units
  49 1 1 1
 1	1	1	1	1	1	1	0.000000000 	0.0000000000 	0
2	1	1	1	1	1	1	1.666666667 	0.0000000000 	0
3	1	1	1	1	1	1	3.333333333 	0.0000000000 	0
4	1	1	1	1	1	1	5.000000000 	0.0000000000 	0
5	1	1	1	1	1	1	6.666666667 	0.0000000000 	0
6	1	1	1	1	1	1	8.333333333 	0.0000000000 	0
7	1	1	1	1	1	1	10.000000000 	0.0000000000 	0
8	1	1	1	1	1	1	0.000000000 	1.6666666667 	0
9	0	0	0	0	0	1	1.666666667 	1.6666666667 	0
10	0	0	0	0	0	1	3.333333333 	1.6666666667 	0
11	0	0	0	0	0	1	5.000000000 	1.6666666667 	0
12	0	0	0	0	0	1	6.666666667 	1.6666666667 	0
13	0	0	0	0	0	1	8.333333333 	1.6666666667 	0
14	1	1	1	1	1	1	10.000000000 	1.6666666667 	0
15	1	1	1	1	1	1	0.000000000 	3.333333333 	0
16	0	0	0	0	0	1	1.666666667 	3.333333333 	0
17	0	0	0	0	0	1	3.333333333 	3.333333333 	0
18	0	0	0	0	0	1	5.000000000 	3.333333333 	0
19	0	0	0	0	0	1	6.666666667 	3.333333333 	0
20	0	0	0	0	0	1	8.333333333 	3.333333333 	0
21	1	1	1	1	1	1	10.000000000 	3.333333333 	0
22	1	1	1	1	1	1	0.000000000 	5.000000000 	0
23	0	0	0	0	0	1	1.666666667 	5.000000000 	0
24	0	0	0	0	0	1	3.333333333 	5.000000000 	0
25	0	0	0	0	0	1	5.000000000 	5.000000000 	0
26	0	0	0	0	0	1	6.666666667 	5.000000000 	0
27	0	0	0	0	0	1	8.333333333 	5.000000000 	0
28	1	1	1	1	1	1	10.000000000 	5.000000000 	0
29	1	1	1	1	1	1	0.000000000 	6.666666667 	0
30	0	0	0	0	0	1	1.666666667 	6.666666667 	0
31	0	0	0	0	0	1	3.333333333 	6.666666667 	0
32	0	0	0	0	0	1	5.000000000 	6.666666667 	0
33	0	0	0	0	0	1	6.666666667 	6.666666667 	0
34	0	0	0	0	0	1	8.333333333 	6.666666667 	0
35	1	1	1	1	1	1	10.000000000 	6.666666667 	0
36	1	1	1	1	1	1	0.000000000 	8.333333333 	0
37	0	0	0	0	0	1	1.666666667 	8.333333333 	0
38	0	0	0	0	0	1	3.333333333 	8.333333333 	0
39	0	0	0	0	0	1	5.000000000 	8.333333333 	0
40	0	0	0	0	0	1	6.666666667 	8.333333333 	0
41	0	0	0	0	0	1	8.333333333 	8.333333333 	0
42	1	1	1	1	1	1	10.000000000 	8.333333333 	0
43	1	1	1	1	1	1	0.000000000 	10.000000000 	0
44	1	1	1	1	1	1	1.666666667 	10.000000000 	0
45	1	1	1	1	1	1	3.333333333 	10.000000000 	0
46	1	1	1	1	1	1	5.000000000 	10.000000000 	0
47	1	1	1	1	1	1	6.666666667 	10.000000000 	0
48	1	1	1	1	1	1	8.333333333 	10.000000000 	0
49	1	1	1	1	1	1	10.000000000 	10.000000000 	0

  1 1
  25 3 -10
  7 36 1
  1 1E9 1 0 1   
  1	1	2	9	8	1
2	2	3	10	9	1
3	3	4	11	10	1
4	4	5	12	11	1
5	5	6	13	12	1
6	6	7	14	13	1
7	8	9	16	15	1
8	9	10	17	16	1
9	10	11	18	17	1
10	11	12	19	18	1
11	12	13	20	19	1
12	13	14	21	20	1
13	15	16	23	22	1
14	16	17	24	23	1
15	17	18	25	24	1
16	18	19	26	25	1
17	19	20	27	26	1
18	20	21	28	27	1
19	22	23	30	29	1
20	23	24	31	30	1
21	24	25	32	31	1
22	25	26	33	32	1
23	26	27	34	33	1
24	27	28	35	34	1
25	29	30	37	36	1
26	30	31	38	37	1
27	31	32	39	38	1
28	32	33	40	39	1
29	33	34	41	40	1
30	34	35	42	41	1
31	36	37	44	43	1
32	37	38	45	44	1
33	38	39	46	45	1
34	39	40	47	46	1
35	40	41	48	47	1
36	41	42	49	48	1

stop
